101011011111100001010100
0101100010100010101110110
1001010100110101010111111
0111000101011000100000001
0011100111101001111001111
0001110110001011100111000
1011000001111001110001011
0100110110100101011010100
1111000010011011001000001
0001010001100100001100111
1111011110011001001001110
0111011100111000100100100
1101100111110111110010111
1101001011111110001101100
0110110001100001100011101
0111011000111101101000000
1101100100000001010101110
1100010001100001011110101
1010011110111110001111011
0101011101010111111101011
0010101100001001001000011
0011111101010001111101011
1110000011001101110110100
0010000101011000110110010
1010101010011110111101101
0001101011110011101101010
1010111000100110101111001
1111110101011111001001001
1010110011000010011110000
1100011100001110000011100
1101000101101110111111000
1010100110100010011101101
0111100111110111111101000
0111001000011101111100010
1011000101000010011011010
1011011110011100110101001
1000010101100110010100100
1111010010000011101001111
0010111101010111100000010
1010110001100000101011001
1001001001111101101100001
11