101011011111100001010100
0101100010100010101110110
1001010100110101010111111
0111000101011000100000001
0011100111101001111001111
0001110110001011100111000
1011000001111001110001011
0100110110100101011010100
1111000010011011001000001
0001010001100100001100111
1111011110011001001001110
0111011100111000100100100
1101100111110111110010111
1101001011111110001101100
0110110001100001100011101
0111011000111101101000000
1101100100000001010101110
1100010001100001011110101
1010011110111110001111011
0101011101010111111101011
0010101100001001001000011
0011111101010001111101011
1110000011001101110110100
0010000101011000110110010
1010101010011110111101101
0001101011110011101101010
1010111000100110101111001
1111110101011111001001001
1010110011000010011110000
1100011100001110000011100
1101000101101110111111000
1010100110100010011101101
0111100111110111111101000
0111001000011101111100010
1011000101000010011011010
1011011110011100110101001
1000010101100110010100100
1111010010000011101001111
0010111101010111100000010
1010110001100000101011001
1001001001111101101100001
1101000100001000101010010
1001011101100101100100011
1000111111101110111001011
0101011011010101101110110
0000110101111111010001101
0000001110101001111010000
1010100011110111100011100
1010011011111010010101110
0101011011101101111001110
1100011011100101011101100
0110010000101100000111101
0011111001000111011100000
1010011011010111000010011
1100000001011111100111000
0111001101111101111110001
0111011001100000000110100
0000010011001101001010000
0110100001011110110000110
0100010111001011111110100
1110011101001100001011000
0011111111111000111001001
1110001001000110010111011
1011110010100000011000001
1110000111111111000111011
0001101101001100011011111
0101101011100110011101110
1101011111110010111100001
0111011000010001000000000
0101110001011000111011110
0011000001101111101000101
1010000011101100101100011
0111100110100101000100110
1100000110110010111011111
1111010100010000110101101
0000100011100001100001000
1111111001111110111001101
1110001101010101101100111
0110110010100011001000000
1101011011101111000011010
0111101001101111011111001
1001110000000010001110000
1100001101101000110111111
0010011101011011100110110
0100100000111011110101101
1001000111010010011010010
0011111011111110111111011
1001011001100011001011000
0111110101100000110000110
1101100100011100101011101
1111110000100110000100110
0001010001001110010010011
1000010110100000100110000
1100100100111011110001000
0110111100101000100111101
0011111101010001000101001
0111000101101011101001101
1101001101100100111100101
1100010000111100111000111
1101010100101111111111010
1110010101110100000101010
1011100111001001110111110
1101001111011101000011011
0100101011110001010010001
0001101100011101000001101
1010101111000101001000011
0010111100110110000110111
1010101101101000011101101
1111110011010010000101101
0101110001000100100001001
1100000101010111100110100
0001101011111110100101001
1110111011110111100111100
0001101100100000111011100
0111111110101011001110101
1111000010010111100100000
1110100101011011001101001
1110000111101111000101101
1100110111101010010110000
1100010110010011011111010
0111110110111100100110000
1110100111100100111001011
0001000010101111011011010
1011000111110101011111010
0001011010110100111110110
1101000110000111011101100
0111100111100011101010101
0100000011010000000000010
0100001111111010101011011
1010010101111110001100011
1001100011110100111000100
1101011100100010000110111
0111110110100001100011000
1010111011010110101000011
1100000000100101101100111
1001101000001100101010100
1000001110110000000001010
1001000110000001001100001
1000100011011011100011101
1110001111100101110001101
0110100000000001110000000
1001001010011001100110100
0110011001111001011100010
1101111010000110100001110
1101110010011110101110001
0100000000000000001111000
0101010010011101100111010
1010011111100110001101000
0101011001100000010101000
0010100100011100110111001
1101100100101111101110011
1110001110110010011011010
1010110100111111110001000
1010010001101011010011011
0110101101010000101000111
1101000100000110000010111
0000111000110100010100000
0000011111100101111000001
1011101100100000010000010
1111111101011001001011011
0010001010000001101101100
0111101001001110011001110
1111101001011000011100001
0100110010101000111010001
0001110111010010001000100
0010110010101111010100111
1101010011000111011101101
0001010100001100101001101
1011101100010010011001000
1001000101111011110111010
1100100101100011100000011
1111010100110010110011100
0111010001100001100110100
1100011100000001110000111
0101100110110101101000001
1001010111111111001100111
1111011000111000110011011
0001111101011100001111100
1001110010001100000010000
0111110011100010000001010
0011111111011010011001111
1101101101000111011110100
1010010010001110001111101
1110101001101010010110100
1000100001011100001010101
0011001000101110110110110
1100011010000001101100010
1000000000111011110000100
1001000110101000001010001
0001111000110000101010111
1101100000111111111111110
0111100011101000100110111
0011111111011001010011111
1000110000011000001100000
0100011110000110101100001
1111100011100011011010000
0000001110111110110011011
0100011101100011111001001
1100100101110010100101100
1010111011110000011001010
0110001100110010100011110
0111011111001010111110011
0010010111011101010101011
0000000010001100101010001
0100000011011111101101011
0011101001110011100111000
0010010001001100001000101
1010000010000010101110100
0110110110101100001000111
1010011001111100101111101
1111001110010010000100100
0110110100011000101101010
1001110001100110101110010
1011000000110111010001101
0101110011101111111010111
1001100010001010010010110
0001100010001010101100010
1010100001000110010100000
1011101110010000010110110
1110000101010000110011100
0101011100100100111110101
0010001101011100100101011
0111001000100010111100011
0011001111001011011101010
1110010101100111011110100
0000001111101100100111010
0011000000100001100011000
1001110010101100000100010
1101100111011011100011111
1001110111000110101110000
0001101011000111111110111
0101001010100011101001101
0110110110001111001101001
0110001010100110100101010
0100110110101000011000101
1000011100000110100100000
1110101010111000011010111
1001001110001101101011010
1001010010000001110001100
1010011100110011111111010
0011010101010101000110110
1010110100000000010011001
1110110000000001100100000
1110000001111001000010010
1101000110001110110010101
0001101011100110010011111
1011011001000111111110011
1011001001010100001001110
1010000110110100001111111
1110101101101001111011011
1010001110011000101111000
0010111000110011000011101
1110111110110010010110001
0000111011111000011010110
1100011000101000010101000
1110101011100010000010100
1010101010101101100101111
0111010001111100100100110
0100110011001011100101100
1011000000111100011100110
0000000011011110101110000
0010001010010011100010001
0000011100111010010101011
1100000101111001000101010
0010100000100101011000111
1000101101110101100000101
0000010001010000100011011
0000001011101000110101110
0001101011111010111000101
1001000101100000110011000
0000100011011111101100000
1001010001010101000001111
1110001101000110010011100
1000011010110000001000101
0111011011100001001100110
0001110110101001000110000
0111001110100010100011010
1000101010010011000100001
0010111000000111111111011
1000011100001000010111111
0011011000011100000100110
1110010100101100010100011
0101010011010010001111000
0011100100001000111100111
1110010011001111010011110
0011000101100101000011000
0010010000101111011011000
1001001000000101101100110
1101011011001101010010101
1111100111010101101110000
0000001100101001000100011
0110011100000010100000101
0000111111110001100000111
0101101001010111011111100
0100011000110000011111110
0000011101010010100011111
1001011111010010001010111
0001111011111100100011001
1100000101110101000101001
0011111110100010110110100
0010101011101111111100111
0010101100001010011001101
1101101111011010010111110
1110101011111110111110010
1100010100011000011111010
1111101010111110000111000
1011101011100011010100001
1111100010111101110100000
1111011111000110000011111
1110100001101111111010100
1101011101111111101111001
0100110000011001110111111
1000011011001011111010001
0001110101001001111101111
0101000010001000011110100
0010000010001011100101000
0011010101001111101000110
0001010011100000000100011
1100010101010010100100000
1110001111111110001000110
0110101101000110010001011
1011011111000101000111101
1101111011011010100100111
1010101000101010110100111
1001011000011110111110101
1011101101001110000001110
0110101101010110000110101
1010000111010010010010111
1111000100110110111010100
0000011001011000000101101
0111011101001110111111010
1011101001011100111111001
1101101000000110011101110
1000100001000000101010000
0101111011011111000111011
0100100111010111001001110
0101111100010011110000010
0111010000000010001110010
1110101011011110110011001
0010001110010011011000101
0000110000111101011010000
1001100010100101111100010
1100001000001001110010111
0101000101010100011100111
1001111001010100011110101
1011011110010110001100010
0101110110001101110010001
1010110110010111101010111
1110000001010001110100101
1001100101110110100100111
0110011101000000011011101
1100000100111110000011011
1110100001100100010111011
0110100000111111010011100
0100110110001011101011110
1000110100010000110100001
0001100010100100011000010
1001101011010101110110110
0100101001111110001010010
1011010011100111010010110
0101110001101000010000011
1010010000001011001000001
0111011100111101011101011
1000000001011100001011101
0110111011001010001011111
1010101011111111111011100
0011101110111001101111000
1100001110000000011011001
0010001110100000111111100
0100001001110101100111010
1001001111100000110000101
0110100000110100010010000
0010101010011010110100100
1000010110000100000111010
1010110111110111100110000
1011100000000010011111100
1011110100010110000010011
1001011001001011101000101
1001011101010001101010100
1010001001100001111010101
0111011010010000101000101
1001000111001011010100011
0100110100110011010000010
0100111100100100110101000
1001011000101011100111000
0101000010111111001011011
0010100110000011111110010
0001110011011010101110111
1010110100001011000110011
0001111010111000111100111
0111000000110101011100110
0100101111101101100100011
0100000010000010010111001
1011110011001110111010000
0010011111010101101010111
1011100011100101001000010
1100101110010101000000111
0100001100011111010001000
1100000111000010111010110
1101001000110000101001000
1111110000111101000101101
0100111010111100001101100
1101001111010101011000010
0101001001111011010001101
1000100000000100111100001
0000011010101000111000010
1101001000000110001101100
0101000101111010111110001
1101101001001101000111101
0001101001100110010000110
1011011011010111000101011
0110100011110110001011111
1011101101101101111001100
0000111010011101011001100
0101111101000110101011011
0111000110100011101010000
0000011011100010010110001
1111100110101110110001101
1110010111100000011001000
0111101111101010010110101
0001110111000111110100011
1000011110100011100110111
0101110101001100111000000
0100011111011011010111110
1101110000100110111001001
1110010110110111000010011
0001101001110010101100101
0101001011011000000011000
1011111101110101111100000
1001101010100111000011110
1110000101100000110011110
1001100101101001111000100
1110110010110111111100010
0000011110111010101000101
1111101100111000001010000
0001111101101010001110011
1001100100101011110010100
1101011001000100010111111
1100111111110110000001010
1101111110110111101110010
1011001010100101001101111
0100101100011110111110010
1110110110110010101110000
0111110001001100101001001
1011110100001101001000010
0100101111000000000010100
1110110011110001101010010
0100011011110100100101010
0111010011111100000011101
0111100101000110000000100
0011010001111101001011011
1101011000001010001100101
0001011001111111110101001
0100110000100001001101000
1011101001100100111011110
1000110010001111011010100
0011001011111010110011000
1101011001101101101001101
0001000101001001011010010
0101111100010010111100011
0110011001000100011100100
1010110001000000110101101
0100000010101100010100001
0000111110010101011000001
1111111000110010010011111
1000100110100110111111001
0101001101110000101100100
0100101001010110010000111
1001010011100001011001011
1101100110000111100010101
0001111001010000100110100
1110010100010101111010000
0011100011000101101000100
1010011011101000111011011
0110101100110110011100011
1011101011011001010101000
0110110110000010101111111
0011100110111011001100110
1010100101010101011010010
0111000100000100011111011
1101111010101011011000010
0001000011001101010100100
1000111111000011001011001
1001000011000100011100010
1100110011000010001101011
1011011101110011011100010
0101110000000011110100001
0001101111100000100001001
1011000010110110000111011
1110101000000010111101001
1000111110000101000000010
0001111001000101100000000
0100101100000101101000111
1101100000010110110001101
0111000111110001100100111
0100101011100100001001010
0110101110110100010011101
0011110111111111101101011
1110001011010001110000110
1001110011001101101111001
0100101100011000101010011
0111010010010010011000011
0101001011001001111110001
1000101110111000110001000
0100010100100011110011110
0101100100110010011001001
1110100010100110010111010
1100001101100011101010000
0000001101000100000010010
0011010100111000111100011
0111110001110110011111010
0111010111111100110011010
0000000100110100110010010
0110101111010111101100001
0000011000100110101111110
1101011110000100001101111
0110100011010110110101010
1011110101101110011101101
1010010101101111101000000
0010110011110110010000000
1010011000000010001100011
1010011000010100101011111
0010000100000001111110010
0010110010111011011010001
1011111111100101011111100
1110001010011011101010111
0000010110110110100001110
0111101110111111111001001
1011101001110010111110101
0000100100000000011111011
0000101000001100110110001
1111001110001100000000111
0001011110100100100101110
1011010010111100110000011
1000111000010111000010100
0100011100100001111111110
1110010100001100110010100
1100001110000110111100011
1111101101101110010011111
0110001000010111111000100
1011000010110101100001111
1111110111110010001111101
1000111101000011010000010
0011001111010110001011011
1101000010111100110110111
1101110011101111111101000
1110010000001111001000101
0110011011001110100101100
0110101100101010000001000
1011000011101110010001000
0010101100100001011110000
0111001010010100001110010
1000100000110111100110110
0110000011111010100101111
1000110001110000110111100
1100110101001110110011000
1010110110010101011010000
1110010000110111110110000
1010101011011001000011011
1101100010101011011111000
1110010111100000000001101
1000100001101101001101000
1100000000011011110101100
1110010001000110111011000
0010010000011100101001000
0101001101000110000110001
0111010110000010111000110
1011101101010111110111101
1010111100010011011000111
0110011000000110100011000
1101110010110101000110011
1011001101010010000011100
1110110011001000101110111
0011100110110001010100000
1111000001001100101011011
0111101100010101101011011
0000000000010001100011111
0101101011100111001001000
0100101011111000001010110
0011111011101111111110110
0000001110111100110110001
0011111111110110101000110
1101111010110010000111111
1101000000111111111101011
1000101110001011101000010
1011111011010001111110001
1001110110100000111001100
1001101100000001010011011
0110101001001101100101011
1001001111110101010100000
1010111110101011100101100
0100111010010001100000010
0110010011101001010010010
1010000101000011100001111
1011000110011010000111000
1100000101010000011001011
0100011000100010100111111
1011011100110111001111001
0101100110110010011101000
0001110000010101100010101
1010110000000011000110000
1000100110000101100101001
0000001110111111000100000
1100010010110001011010100
1011110000001111010110001
1110010001001010010111110
1101000011101011111110010
0010101110010011101101111
0111011110101011111000001
0010111100100100101010011
1010110000101110110101101
0010011100111100010011001
1011110011110111100011110
1101100111101100110010101
0001110000010000010100111
1001110001111000011101011
1010001010001010100010111
0001101101000100011111010
0101100001011001101000110
1111101011011110100011101
1101001111011001101000010
0111101000111000001101111
0000110111111011100001001
1110000110000100110010101
0010000100100110111000000
0110001000010011110111011
0011111000111001000010110
0111111111101001000011111
1000111000001111000010000
1110011100000110111110010
1011110010100101110111100
1100010000100100110110111
0101010110000011111010011
0100000011111011000001101
1001101111100011111010001
0011011011000100100110100
1110110110000000101101011
1011101110110101110011101
1111001000111101100001000
0111000011100101101001010
0010001000101011101001101
0011000101110111001011011
1010010101000000100000001
1101111100101011010110101
0101111111110011001111000
0011110000011100111110101
1111101100011000111011010
0010100111100101101100011
1110111010010001000010101
1111000001101001111100000
1111111101010111001100010
0001010011111001111010110
1111001100101010010000011
1010001111000101000000101
1011011000100100111000010
001100010000