85.936164 12.518014
89.684731 82.608400
0.014472 38.224632
53.237597 39.667096
17.400706 14.968810
88.710951 11.254517
19.449020 56.766540
86.468751 49.157016
5.839564 47.812257
20.972260 46.553770
81.787751 47.859912
74.515449 53.776085
48.101952 6.004977
71.824823 0.953397
13.913772 69.632250
5.665015 2.962792
50.375755 50.683682
45.423450 14.460513
94.761028 21.247289
93.582954 73.611254
77.472539 46.185669
12.279630 42.443329
72.156138 48.681297
24.901673 72.107565
96.800446 39.472043
78.706434 12.203180
39.043191 62.073925
36.564688 3.791193
0.972774 61.509713
57.483835 90.109737
25.900462 26.358014
49.779855 68.138798
85.467447 11.230164
85.021208 28.276218
40.524682 70.560363
81.078411 51.855281
89.745226 27.468461
70.158691 49.647726
46.781637 11.936250
5.541563 27.340459
57.913748 43.366607
16.431364 58.102879
19.034521 98.095990
69.262673 87.497851
63.218588 80.305260
54.102845 16.614207
71.654511 56.156652
81.978093 82.224151
90.775332 33.215506
78.505538 33.857782
37.469403 24.941277
30.516838 70.901104
13.135227 66.030979
28.156674 2.925608
56.496607 50.547436
83.781966 11.746531
59.745953 91.015757
49.960920 93.681454
90.569794 60.989672
8.372872 60.095227
89.038366 5.969384
35.206604 41.947782
57.285766 14.800183
86.411298 32.691403
14.415007 37.561611
93.384322 66.484750
7.172284 28.822942
56.486821 59.622052
52.303513 1.135309
98.672051 29.754257
22.349239 32.875437
68.147645 36.641765
70.286230 11.472710
10.593414 60.401235
55.907322 16.442026
84.683317 86.224406
62.665514 57.472963
97.171891 4.862709
37.998340 62.061452
72.751258 7.578792
79.591488 29.018313
42.122015 40.020696
23.305328 71.144392
38.726954 66.495636
38.938583 16.790453
77.208716 98.267414
87.016518 6.101389
16.515698 23.313727
68.959238 84.130781
64.696026 5.388815
96.941453 24.869351
63.551523 75.239159
97.173490 73.313395
77.879227 24.973441
81.570395 85.443657
60.311952 18.698393
55.160652 63.008690
7.793753 39.421300
56.118558 75.933222
54.929355 91.735649
86.586956 66.866280
47.054243 79.772916
59.761508 42.833354
90.585941 62.050556
38.600677 64.284325
98.343024 80.618672
67.309418 33.869868
34.829720 70.046625
46.200570 19.123915
35.118020 66.977741
65.670397 79.616916
64.032355 88.363216
65.219144 30.708548
66.473896 48.214786
64.743192 97.934615
84.471745 6.656826
4.972949 78.187582
48.813927 31.307174
55.421440 88.298585
97.654699 96.555960
29.589901 72.297219
28.960691 73.154112
47.976708 2.153787
99.692036 7.683928
12.825155 61.730736
0.812733 21.054894
13.443671 44.348575
61.121562 78.862614
47.769820 99.363185
9.602589 76.151567
52.693140 28.124250
15.204611 42.791644
67.579307 96.460163
41.696411 68.541992
1.668240 31.524275
0.036900 70.404564
30.692477 53.694137
45.937189 31.066905
37.424441 89.680642
9.894436 92.497761
34.961719 63.639322
24.786330 83.987663
93.246973 96.818764
57.039657 37.360486
1.145510 47.306850
92.934052 9.080181
81.205514 81.273104
20.888393 28.649070
59.373696 66.311044
23.539041 31.137591
13.244558 8.190478
90.410997 23.082054
23.764379 66.266088
78.007247 10.276973
13.123828 46.228526
17.886244 68.307675
91.856683 28.295485
47.997999 72.192747
74.431408 5.601685
11.513581 61.300881
24.150437 23.781963
43.894145 36.069104
79.154990 41.513627
36.276443 20.261192
58.078012 38.817023
68.155793 47.589774
73.316171 87.317882
87.792180 39.983367
92.720549 84.663929
4.392592 55.626728
12.386271 93.352815
52.914854 69.425428
15.031486 87.620103
46.136694 47.460424
97.844554 12.068256
16.990691 21.174632
53.897212 76.695920
29.753123 93.985079
81.027258 34.748088
49.675151 12.954508
83.638323 44.034730
42.290850 11.710576
49.351597 33.841461
85.325740 92.013685
87.934232 91.854322
12.397182 34.092748
88.171559 19.427768
87.810214 46.600668
42.393752 87.191339
34.260412 32.328864
27.814840 16.512733
69.811792 39.970133
99.232806 22.106142
72.844754 53.369881
6.399331 86.873252
33.302348 65.114992
90.737017 43.090152
84.284212 32.134724
73.023414 90.497031
44.158753 56.094059
17.686945 98.651971
92.459580 45.509461
53.574933 65.031608
64.417109 66.156474
27.292414 71.424782
45.447265 3.380593
17.742685 59.414265
30.783621 82.061739
18.206844 25.578597
86.335078 57.322273
20.782301 22.526474
88.879869 41.822720
97.703474 77.375920
72.613235 5.340140
43.297368 45.360486
9.596260 24.252592
61.868172 55.589312
41.025887 97.174471
47.535913 10.709325
71.205512 90.911008
30.588580 20.484901
59.286182 89.950511
73.107777 57.457255
33.128977 54.945913
84.259576 27.139013
76.310056 67.174847
29.573901 16.570324
56.403775 99.441049
72.156176 70.916696
19.551826 65.415721
47.345970 69.882257
79.891249 91.595008
19.903358 0.310266
4.646838 8.627961
48.174525 81.399543
16.327958 63.102671
43.026418 18.540829
67.657552 52.718218
71.392882 9.227707
7.785487 95.971430
81.141729 94.815311
72.560712 96.049397
42.071356 80.059535
74.852613 29.468438
24.007138 22.577032
80.049225 96.987085
70.016228 46.057076
19.658493 35.159302
58.865036 95.242382
40.029159 94.072810
61.230004 60.721698
78.096254 2.675599
69.918503 31.930444
38.445026 31.295815
84.911020 23.730594
86.149046 35.035246
98.593369 17.179846
31.301184 0.331583
81.736113 59.600965
73.361121 14.213055
38.330770 19.739779
38.031290 6.533835
51.717806 83.438277
53.567949 0.859660
18.177035 80.005565
29.217701 82.192665
49.714751 78.732411
58.986517 99.226439
60.281486 56.814081
76.906843 28.750906
76.332100 14.640823
91.024764 35.105455
10.666898 37.146416
73.845573 82.362499
10.573901 24.550863
67.182816 7.127469
64.248525 77.335649
82.480275 23.613216
27.228418 64.565531
53.808490 37.094238
79.965954 84.628827
79.863412 42.990083
35.513007 76.604004
67.709225 91.488007
66.159436 4.271694
96.041843 30.669316
63.500073 23.150250
36.339890 50.540065
20.246600 85.390052
91.860330 32.597925
77.804959 67.507091
38.599359 49.805883
41.857796 59.901203
36.997845 49.047068
27.957583 15.414065
61.333183 84.455475
39.798045 60.553096
48.760877 43.781770
58.227158 76.286718
64.630614 58.564542
63.701197 95.583485
30.173923 60.619710
55.615027 59.099179
52.832038 33.322709
12.729158 91.071000
28.521615 52.052795
91.648885 25.923585
60.960381 85.673139
84.140607 44.958030
46.025737 64.133555
24.893791 89.416354
30.039931 21.471077
98.222438 84.726867
36.535657 21.931101
31.372513 86.946168
3.983264 59.888146
43.944450 91.024300
40.441228 6.859120
41.066299 0.743744
77.379939 56.305949
33.666125 88.896952
90.327498 2.686979
83.358307 8.259832
41.482899 52.263151
88.030086 32.141532
40.252574 52.815259
90.291296 80.700388
58.174886 93.208256
92.525507 60.180817
4.095259 63.821248
31.883708 78.789629
45.512232 33.241346
95.513123 8.093859
65.404804 59.620242
63.651478 34.201907
14.246301 50.970878
26.859551 92.451025
27.376282 40.123082
82.486323 97.829039
39.680346 66.821292
53.595403 62.292345
84.553935 64.399552
12.722950 86.259180
9.645626 61.148103
21.810562 45.199319
16.916113 19.891213
83.577672 72.491900
52.462908 76.606443
94.915577 25.566222
17.154810 3.715028
11.439947 81.470772
51.767396 54.079979
24.654619 77.122986
97.397938 65.255594
84.495921 0.160430
28.850916 98.755267
42.239865 61.467637
41.955132 91.105317
37.491258 84.542095
68.277890 19.085543
50.890573 95.499743
14.915773 12.959951
24.216883 82.919472
32.788366 84.179263
93.973101 92.485951
77.815345 42.703217
69.138048 97.395220
30.546267 49.055820
46.411418 2.600979
30.999367 34.120802
52.885164 50.299166
79.140546 27.331188
6.015719 85.591293
13.157675 60.572175
90.358720 41.311707
97.401213 63.135536
21.705073 29.366553
45.617664 59.495468
48.666757 40.414079
69.393928 60.836902
11.029796 52.031681
71.158770 2.026940
1.302092 57.454506
64.897011 43.427084
79.382843 50.356724
13.213046 40.963681
10.215582 54.154266
32.128747 64.614599
44.993723 18.604190
21.240306 51.619143
36.917157 56.635608
81.893596 89.787758
21.662827 80.972573
4.523103 1.597031
18.154131 35.877944
63.657569 68.865217
32.302081 36.760262
6.743757 75.617383
0.567071 73.396830
99.638131 9.230455
50.692384 67.092898
5.995870 49.007727
94.513733 83.348779
0.574664 7.060332
71.346963 43.563489
10.749356 6.916104
27.051783 35.125084
71.258438 11.139001
52.642943 46.634789
85.398307 2.661373
13.257844 98.634867
89.494183 17.026046
25.454921 87.085881
82.712054 62.823088
7.041442 35.391491
4.503291 30.083619
27.529986 13.525101
69.026396 78.762005
84.440853 56.147627
75.231149 16.248357
71.750710 67.016719
8.861353 26.049029
37.877710 92.822026
71.387596 16.492893
91.882206 8.428666
32.002204 15.623799
47.391960 43.439018
93.981577 2.899714
77.619046 51.743028
39.801643 83.859143
36.386200 16.352403
87.798385 28.004558
39.322242 76.925387
55.128435 72.196646
66.851410 90.728802
71.473063 53.762014
39.884723 18.098989
79.916113 57.419381
22.882522 36.104926
54.061735 32.716542
89.666599 39.513522
72.929764 81.469577
95.110304 98.002989
37.998430 18.621205
95.609700 17.152141
34.497316 21.196481
25.710836 78.300153
90.945213 17.087394
19.579622 92.936408
97.593056 1.576637
44.856631 15.568673
55.434920 40.988880
72.165589 41.703356
40.367418 20.544026
65.931149 26.263644
65.636022 98.593617
31.703134 49.287170
87.152073 79.601092
50.477155 0.693855
79.875433 8.398856
90.459453 89.081560
19.375386 41.462986
92.096632 48.127895
13.720314 14.849848
50.431787 18.804704
16.760044 44.904289
20.830669 19.931252
10.029909 64.719743
12.014456 49.300029
9.248330 14.776539
16.974393 37.850306
36.665487 9.419566
16.101813 82.323672
36.985846 87.224453
47.054183 33.271073
3.853369 93.730739
34.419320 73.058798
62.677092 96.773592
23.049017 46.843338
51.608425 23.340252
12.269427 3.972969
26.818355 76.720399
18.345148 42.878979
68.177808 77.148066
83.503809 68.847250
21.710452 20.756662
92.175757 89.290223
87.762109 56.502852
8.131065 91.071543
5.074003 34.351314
86.272771 76.793053
87.096397 53.314934
0.640489 81.789263
97.533055 47.601526
62.789876 36.930480
63.501207 94.121012
94.417984 46.939468
38.408697 70.329603
66.424170 34.520233
32.220949 96.414943
25.529974 99.805647
62.071696 24.017037
19.787162 26.977765
39.180981 14.583476
92.800732 50.674352
87.405735 87.868077
24.330892 97.682141
64.498119 67.217529
43.576176 28.237815
69.352743 47.310844
56.941157 65.764852
48.725476 6.864054
33.460931 4.183417
94.216256 26.351593
16.493417 41.268695
99.506596 38.532623
21.763445 52.914982
42.191513 5.442513
90.710779 69.944538
33.082288 49.533197
62.590018 51.129556
61.411644 9.911423
19.496868 36.245467
20.259359 69.361617
50.620905 58.981332
86.324328 38.617804
73.873730 12.175910
85.622647 75.858570
27.554254 70.221020
94.488330 90.527061
60.483171 24.274497
63.372782 61.495152
14.362225 67.080533
51.943999 2.278108
27.296903 12.204334
2.619647 37.204793
74.302518 57.203764
87.006938 17.556118
75.918628 11.215942
36.248280 32.928201
27.116703 53.612166
35.540029 68.810452
27.641933 37.668072
90.788898 60.002372
86.411677 78.233641
53.092609 43.458045
90.600675 90.148477
40.115436 73.175555
34.069621 37.711432
22.235858 87.883125
0.319420 28.145723
30.204846 3.566784
83.325748 92.486811
22.950909 7.433026
97.110235 97.832895
21.234158 16.549693
2.564231 93.665212
97.472687 99.918169
48.723087 63.839941
95.501741 88.353239
85.677304 30.634301
48.401781 91.890530
85.603550 15.969515
38.551570 34.293038
32.396438 99.194241
20.726739 92.570689
88.349458 9.731580
45.877424 22.277164
79.759322 85.947517
81.884889 31.608939
65.977750 71.690022
97.590750 82.495355
81.565095 22.021865
21.430206 4.085150
78.098533 96.847872
30.882254 38.165981
86.878559 64.048445
43.981049 77.335094
92.094278 6.226298
36.470159 41.039972
27.231481 45.662711
7.369447 68.824054
69.284032 20.876141
53.832744 97.118972
98.796567 66.124420
70.592170 35.805455
52.553616 52.405482
67.022529 63.959485
23.874859 59.971816
26.790201 79.985845
84.728669 54.078825
47.877349 18.790614
84.086412 85.267070
78.807442 98.983740
70.737899 98.630143
96.558498 11.310306
15.097233 9.246138
10.684695 76.744321
63.314694 28.756683
61.736932 59.119721
48.941464 98.322899
6.023991 7.300650
57.460063 75.329711
35.648289 84.640721
72.219445 86.373846
28.640730 85.762256
31.771084 23.978732
79.188748 9.337688
31.876201 93.436104
57.027364 61.884166
39.495737 74.117338
13.313076 31.450425
27.038701 0.931390
78.611911 59.394131
33.584766 14.715292
2.128421 62.058060
44.335279 10.465617
84.525781 59.461287
73.344966 91.484981
12.146043 28.778174
10.882537 71.050283
17.587474 53.342223
95.743263 37.431942
67.827973 16.565446
99.365229 51.738416
3.421990 67.373417
67.741310 75.341125
75.638958 60.304279
77.565568 20.610832
17.557608 48.204717
9.423000 98.440661
56.351785 13.687711
26.009642 28.241956
88.536412 69.358262
10.593034 79.559712
73.432556 92.592112
1.851600 83.431137
87.729680 54.547881
53.753719 60.601700
1.077626 23.660339
38.205970 80.209297
71.506641 62.772443
76.223035 26.984385
55.788146 86.592528
55.596950 51.050862
6.595744 79.518181
5.068621 15.094041
62.502745 53.100223
23.890717 32.470375
74.913013 93.391335
70.219994 51.687898
22.870782 41.651825
0.237801 0.235054
73.788087 85.227318
12.007424 12.115439
57.527265 73.776562
1.600038 39.810933
75.828652 46.738507
99.203886 15.158093
12.835447 10.211432
96.204355 93.825816
80.635781 24.875272
56.633224 72.651909
13.047071 1.573227
79.355143 45.535432
23.529111 80.006628
83.741043 75.173451
27.237306 81.730196
8.190179 18.113691
84.729109 66.514551
78.892266 7.355934
8.032356 83.058245
58.963296 75.607306
90.245242 20.361614
98.590438 18.736202
37.843095 37.687472
37.479476 12.923616
3.200151 73.045313
38.197911 60.369998
26.865778 47.347194
63.268044 62.931885
57.184086 46.027108
93.094848 17.576693
19.744166 43.606172
67.752225 87.950908
16.306022 77.670736
14.703919 83.241097
47.397468 29.856905
96.270178 80.278254
84.005854 34.031131
53.520676 31.044485
84.359238 25.402381
88.859880 76.103070
62.757563 65.275628
62.555273 27.805273
59.923112 46.025013
97.066298 59.838938
39.309607 48.457984
43.948800 70.371966
95.199133 99.740302
56.221085 68.399659
28.022282 26.363682
84.701311 76.822249
95.246715 13.576031
60.719390 72.661684
0.743270 59.167230
4.521000 95.958808
17.543781 24.118141
49.611227 46.042706
15.370101 53.165803
93.347623 52.500959
87.104034 75.404915
55.555147 27.238220
5.726543 65.227651
11.815839 89.885851
72.582954 34.835953
69.093089 32.579896
75.462219 50.202584
50.938052 63.792878
24.464477 13.349798
91.119218 31.428664
16.471944 35.765383
0.446402 94.726649
62.287043 75.034220
49.715167 64.567797
82.056070 16.913916
78.157093 80.449289
19.940701 4.531332
98.859812 82.439119
41.008287 37.669530
12.506685 17.410852
5.082501 64.044036
56.324457 64.012645
51.509052 33.542871
38.742743 50.903143
60.030647 5.258939
31.883433 26.987281
88.832923 87.964692
50.025774 22.066206
7.059364 57.190710
35.163544 12.135806
18.862994 46.194968
52.018848 42.918139
61.395098 42.838031
85.501825 58.092770
6.044070 45.512293
82.954003 9.753858
86.257728 37.265937
26.292650 67.874204
46.288399 7.395432
96.395184 46.545448
99.604418 19.491816
49.877928 10.657188
5.943840 58.362790
82.506060 75.489659
91.805363 18.878257
49.489350 89.703900
30.677232 65.300884
91.129051 5.074254
30.939723 40.235250
54.943627 31.179311
38.711117 91.550768
24.536278 29.376080
15.434280 54.850959
46.212199 17.203940
0.425699 34.942433
20.268559 66.828283
96.373113 62.522411
70.423147 25.976711
73.576533 3.703760
71.862982 59.249785
45.278931 95.183360
42.218864 54.795844
80.080213 59.366474
71.403596 27.575878
32.764816 43.497270
51.933125 40.221427
65.129351 92.679878
20.000531 38.245721
6.382666 53.167972
11.741344 21.007597
64.934475 23.612709
71.121571 92.143545
57.578502 17.957023
37.740622 33.419547
20.403220 94.625884
47.114109 6.202477
19.872724 6.892444
81.825195 62.103298
98.213070 57.085792
3.338750 55.795280
55.421658 79.421084
99.891824 26.340161
10.036532 6.105471
43.604881 26.257889
91.928192 74.985039
98.532753 59.608219
88.768511 29.865976
49.470128 35.253954
23.386399 49.552026
36.064860 25.466668
94.779448 62.843493
96.278247 78.410095
40.925871 82.955413
38.543351 96.139486
5.796411 59.909794
23.244042 12.825026
82.132978 12.546960
26.001834 93.592469
70.153957 9.371456
30.231777 15.013834
36.641920 28.319295
40.101176 25.754335
71.933787 83.983130
75.969130 23.258385
61.148165 1.685917
22.584981 1.268971
7.797052 26.872999
14.227578 84.933671
51.112507 48.989456
8.877538 33.109413
4.049257 85.397023
94.748243 57.525977
4.164294 70.900954
96.125340 33.780838
63.584361 5.794447
67.411676 35.703945
31.623405 5.508534
88.599526 17.603696
99.245057 2.508130
57.945302 12.880028
2.484236 79.953499
33.273575 67.513910
57.315820 1.553154
55.240591 47.566982
66.204423 88.564125
18.876231 82.427101
29.958348 24.292464
73.899895 23.082845
81.920777 28.856834
98.617156 75.776014
56.680970 43.416172
83.415132 25.024816
19.628694 96.033706
57.652880 6.951450
32.404102 50.513549
46.550551 90.659795
68.204912 24.546817
71.459999 6.326202
99.515674 37.490655
47.613829 3.788245
76.089950 63.416770
64.387822 45.762083
44.206778 14.150901
26.922349 58.316732
14.597753 22.214756
61.562939 8.526721
20.787855 37.014469
39.161738 12.494221
37.714043 73.566198
5.990115 81.638491
93.030208 31.278422
26.759431 62.782331
50.890300 26.336192
0.942551 14.237879
14.108117 28.755868
11.377130 40.178458
59.845549 59.219799
58.570438 30.663770
1.410499 5.581713
74.467225 9.527497
1.167295 49.283114
84.791852 79.695056
78.135959 61.337322
37.296011 76.463328
28.729618 79.706980
35.148627 23.718784
23.559120 35.253748
44.490236 1.553868
65.681201 15.196321
52.134348 91.643157
24.621775 42.983535
6.024460 15.952251
24.531531 55.133407
13.760365 0.408361
65.680080 27.274245
11.872618 52.850083
30.765022 61.706621
22.954706 97.103695
40.353568 47.703435
53.329303 26.485666
91.486493 72.064713
77.787989 93.817209
31.117692 35.372323
94.641852 31.912917
37.107891 65.074817
45.020006 74.190448
74.927280 15.252240
89.898980 77.476761
3.138831 22.465417
11.331380 38.359087
18.945245 10.308743
88.283587 84.934907
96.915676 75.269892
62.193665 26.304406
17.227178 13.205348
59.540458 17.396898
3.098701 95.696062
76.914555 59.790887
48.808157 74.398831
28.305896 43.177460
72.291384 23.976935
15.345401 59.986294
71.170890 70.555664
64.623135 48.061915
48.925913 76.499949
43.576817 44.213613
14.753303 18.175959
4.612372 68.080407
95.244074 80.307144
3.484937 15.751834
36.765180 77.769344
5.933622 4.544189
88.930032 1.061023
82.700126 14.364205
62.920070 60.010305
88.868715 59.089499
6.777751 19.023175
15.705006 21.560242
54.176702 71.040607
74.793106 83.052186
63.367709 47.256020
51.951698 80.479553
95.854390 40.260077
44.648177 29.766609
79.126675 21.927081
3.674045 47.701795
28.844607 29.080831
34.994547 8.724971
62.426871 45.301809
63.448672 54.536863
88.918361 24.879797
57.432545 60.376035
51.514313 97.114000
10.095242 58.587450
73.908215 68.018530
86.855346 50.709266
46.025228 88.526754
19.089027 48.981814
94.356716 68.878285
16.665202 8.363393
92.603706 40.854948
30.532138 90.325875
12.715375 64.858451
94.464622 24.650891
53.322413 9.266743
4.131708 50.405514
8.922645 87.690835
69.719820 36.405577
65.851080 56.503961
73.025855 56.219536
69.621028 76.869537
72.057577 22.799506
15.367012 68.726540
14.736272 63.620056
99.049996 0.731604
31.490753 68.578172
66.759928 24.297227
57.804467 32.672085
15.709027 88.665252
59.026687 87.110981
68.038157 21.222020
89.047693 55.587706
38.922014 38.230427
14.102823 75.110101
44.361767 81.418070
34.475785 7.041743
53.504947 82.246366
35.388480 45.126623
49.305672 61.618473
75.197013 21.541361
39.140599 86.819025
93.001344 13.346607
20.737822 15.517226
38.906273 9.616474
47.352324 88.110117
1.007129 68.664005
30.156591 42.925213
69.035362 10.936529
54.741376 69.933270
75.321641 37.170169
13.902394 11.536638
54.934299 12.266044
75.959394 83.738548
72.276083 98.660991
55.181985 45.648354
64.409237 7.736129
36.993528 88.714517
46.766079 63.088112
18.869169 23.164476
54.565288 82.323020
2.019797 20.060513
38.261060 68.262247
77.216857 66.377003
65.086692 85.257581
55.929933 30.432012
20.255908 32.691248
60.300696 13.043053
50.769355 3.317833
62.758006 72.530489
5.882647 57.210238
53.280485 91.290573
2.238312 10.336184
67.825473 59.646201
67.009253 19.590612
17.811890 39.624940
15.270385 58.184112
64.965622 35.914146
40.488019 8.230457
2.791634 70.357414
66.285623 18.411670
6.118653 11.278394
14.099186 40.251797
86.577619 26.223218
32.686946 91.267063
28.318620 68.969608
45.736170 90.070458
65.688660 6.362193
52.747113 23.885757
29.045719 10.976602
25.706255 6.082838
21.937848 47.242157
95.606091 74.233466
8.328646 88.506040
20.026582 10.492931
53.469380 92.329121
68.257651 39.589527
84.291454 87.724563
21.776227 31.989703
56.055341 33.968125
57.646554 62.977598
96.231019 9.288001
19.245496 87.679545
77.313889 25.888342
75.561906 81.401859
24.231889 20.027965
45.774917 79.230865
75.104967 90.205087
73.520753 43.065933
7.408364 97.407214
25.340071 40.239204
62.831147 38.457610
23.901914 96.308138
48.623987 13.890862
26.329051 44.861220
23.881613 11.497736
84.337862 98.020572
20.226944 5.642427
42.025712 42.845063
45.209795 16.705728
86.236386 69.837804
71.491092 76.252241
3.812574 33.109350
79.575746 2.443635
11.048311 29.757840
39.717209 57.095600
28.357379 21.216426
29.852630 28.245637
18.776299 96.862954
88.525859 14.875241
13.118700 12.687949
13.535037 3.435756
41.348696 62.098630
62.769996 44.077855
45.821690 9.543074
50.084996 14.753364
29.894158 22.939380
1.670334 2.843275
64.379282 29.239202
88.977011 78.672676
28.917125 4.907740
15.036622 60.948308
66.143288 67.362839
19.096163 76.445494
60.150050 48.477392
77.635724 74.026029
87.192017 85.106045
74.071034 59.003328
37.134804 82.102143
23.558277 77.799286
20.430712 96.910637
99.962723 44.019527
16.619899 55.298390
13.828976 88.082981
78.823038 0.311506
97.985800 74.668940
71.057718 34.016820
75.474421 56.990491
82.705271 70.228944
90.882782 48.994237
28.810191 49.142689
21.342334 71.120335
30.267551 83.216001
8.936008 69.583275
32.817432 61.942133
77.326998 15.945251
29.601383 8.828819
21.106367 77.996408
21.926226 50.825786
41.983356 3.100925
64.719479 63.634578
60.887618 41.174333
68.016580 44.422668
23.814332 62.193427
48.534218 26.244559
81.642987 68.704348
9.179267 86.276853
68.797368 71.692123
75.322733 45.441179
23.127177 81.067637
4.052310 74.095870
19.551474 8.285859
89.175937 33.559964
95.023070 30.732415
71.391768 31.307336
39.348598 33.016728
51.323924 22.246266
58.326651 79.849432
8.936188 49.476526
20.804011 30.731124
17.474537 31.500989
43.483317 60.770754
59.958215 70.945115
90.405210 24.414760
25.660930 84.880988
83.049891 58.806575
44.051935 51.421344
73.233894 83.578836
56.893526 95.777132
70.061703 27.565847
3.214927 66.055238
66.639008 93.872377
50.327912 83.109969
20.860851 58.583496
73.820829 62.779525
29.005461 95.104127
31.239970 24.917893
74.570287 13.265774
88.972657 97.443561
50.934195 20.790072
47.393816 28.747400
99.193179 39.500687
40.340799 19.160327
73.836421 21.715218
90.416658 50.257757
45.498001 67.125000
69.361516 75.685425
32.798918 53.947814
9.213808 89.552291
2.102214 47.006203
97.130223 45.571082
40.405789 11.787589
15.909141 15.647497
35.292429 5.414287
97.162362 7.278214
13.392594 95.172948
69.281540 53.968743
83.980311 19.792886
96.177561 54.709422
64.810693 18.752676
45.739223 34.970482
41.700207 45.484561
29.373588 58.702949
80.140130 3.698073
94.668260 14.685947
36.311656 75.414623
29.243537 46.983493
25.754102 3.125979
8.140025 35.064247
41.470696 12.508793
54.838360 52.698303
29.612328 89.578902
15.619977 10.366957
63.858132 72.212030
93.323467 48.635795
87.026775 10.191243
17.471388 6.331260
44.040591 38.197435
41.938861 18.725435
13.343494 56.912419
99.852513 10.950794
82.944186 48.335902
39.775212 68.318621
99.427446 35.739439
39.627708 89.841465
67.241016 54.469887
44.056858 85.378367
17.789876 17.302418
35.458468 51.474438
61.930550 81.057477
11.940851 24.304612
21.306444 42.912078
61.857650 32.287947
26.775902 59.434245
96.210103 6.285438
15.878423 84.053024
22.021974 24.149674
24.559723 46.083805
70.669644 47.234423
67.621326 62.600032
66.612883 57.563235
35.235699 54.885204
48.158366 66.752156
44.184638 8.424858
31.512378 10.117177
43.133410 94.353611
0.626270 10.707272
56.279885 4.467269
63.941116 57.037783
52.819987 15.750104
47.776518 22.488318
59.119152 98.111231
31.340772 71.720178
35.289686 56.606764
65.942218 86.055519
4.775452 22.186312
62.583427 34.919485
97.477459 54.562208
53.120522 72.134588
86.100684 22.744413
18.786178 63.474379
38.759552 27.045508
56.291086 81.202833
19.305703 71.362665
36.732138 54.107351
95.632767 11.730661
49.295632 49.203776
88.925976 96.134621
4.936328 35.895978
81.415871 37.305892
15.667522 47.156243
42.674900 85.580943
78.952030 65.726304
4.351262 75.085606
64.432778 86.514848
54.013948 95.741286
32.365130 73.496825
60.093415 92.975716
93.264998 77.375668
87.813369 7.727187
92.176309 30.116605
79.233295 90.694299
24.975374 28.242595
88.508344 71.202818
48.289511 87.115853
85.439328 70.952599
26.485871 11.090565
82.248996 51.024262
61.013180 20.453991
94.212360 0.988220
45.917714 98.849753
48.367544 78.285474
18.992242 2.442072
52.981927 70.430566
28.390033 83.431549
44.146254 31.967070
24.089171 8.745329
88.959325 64.644556
98.108847 36.458553
20.842652 68.042529
66.263197 0.029327
47.863178 38.483198
39.825544 39.466873
76.289961 36.388685
75.383617 3.589880
17.842008 28.020611
72.384455 1.796660
2.722337 76.746683
24.133595 57.468480
57.755981 5.158757
80.886793 9.653947
73.509192 96.859583
49.682790 71.877004
85.489755 9.734460
47.988722 51.686097
44.780093 27.630442
5.912967 54.158146
87.031320 24.487522
65.806453 89.938018
82.794886 45.163604
43.582550 79.346194
75.479511 2.061495
66.557240 43.626878
0.468438 58.130171
25.343624 15.168641
60.028368 76.930738
90.985453 13.359344
11.424554 74.007582
95.059046 95.416002
14.113892 23.796132
94.210198 94.185543
1.378917 79.590112
18.888625 54.805373
32.352570 9.346393
11.915167 11.092905
18.829891 24.367919
43.414246 23.834078
64.694162 39.980058
14.319034 59.371394
97.631535 75.970751
18.639775 53.702947
5.656405 8.425195
90.305983 4.017480
32.097955 25.642139
91.813394 52.990326
84.867936 33.382698
8.839073 34.229582
74.472143 94.993348
90.431295 21.936122
53.591500 84.223613
92.504627 80.282111
30.500268 52.641371
42.437424 65.204020
60.970895 3.806810
35.737220 61.099006
21.635890 34.361052
52.281011 66.218225
91.926135 99.629549
17.865909 46.390173
79.170194 35.952557
85.399684 84.821845
27.865808 79.084665
78.883945 14.834875
38.750555 78.096035
22.959561 62.754106
48.318454 27.357136
20.412541 48.637852
95.047877 33.064013
45.954775 58.070549
75.428002 85.333196
9.423036 56.365137
81.723017 7.174580
9.084627 10.771887
1.794321 85.894066
18.913306 66.265248
53.862116 2.874175
35.616517 43.965744
3.796541 92.408777
70.108750 61.719225
73.611742 24.572751
63.722186 51.826525
3.870500 52.089250
49.464017 1.209095
81.809737 91.224137
21.985546 11.900925
6.777843 38.063220
32.364502 90.245303
98.065422 49.398936
42.492070 48.965393
63.592013 39.862833
3.236112 88.562382
20.261527 12.521741
29.000924 92.660628
4.285521 46.633948
98.120299 93.752413
15.543389 67.163795
42.039057 29.849050
46.236863 52.559030
21.885065 3.038291
80.254752 17.037762
97.317303 16.944333
83.347103 66.936792
27.597245 84.346001
7.153844 22.479743
11.686301 54.846680
99.596760 45.029537
62.724069 14.004962
82.877148 77.305246
75.392755 58.445289
98.067790 8.350816
20.866202 2.005918
26.010348 51.560029
58.740298 71.907575
76.178411 19.000372
37.269262 29.751124
69.686891 59.247167
86.458221 84.344782
2.420597 90.239760
26.077283 37.400323
44.409026 89.816867
26.541427 99.061986
21.763986 62.979403
34.067096 61.975525
5.375967 51.250842
56.804982 51.691189
21.982177 22.769735
71.186772 12.715886
44.522010 63.644988
8.437517 84.458607
84.083011 89.530806
60.021490 11.468373
7.953226 45.200779
64.071142 19.580430
90.621201 74.970278
32.631320 23.286086
6.355723 96.579896
95.185985 78.169132
34.660225 88.217476
38.802133 44.095785
8.321162 37.799877
86.169667 44.464828
23.945809 69.668589
94.521115 59.673100
5.212066 43.793678
31.934200 52.243111
94.700631 66.549094
51.161674 41.055439
72.573484 88.013775
59.820555 39.799751
65.934388 29.367937
39.864587 65.324180
80.432752 53.465046
93.441623 54.165961
89.180129 67.549419
96.860401 52.572120
65.222488 75.522939
0.590161 13.101091
59.760896 34.890664
49.137387 16.215591
7.964832 69.859785
17.816974 55.717050
48.778343 50.226494
74.716094 41.433380
91.127953 87.288759
44.124456 59.815583
8.127732 67.211024
57.696534 58.289497
95.902712 67.519753
83.125568 17.359724
24.007666 1.548166
24.216243 34.264369
87.281417 20.807496
82.467787 21.415818
65.935483 45.909383
39.160823 81.562054
34.702235 50.251349
38.477780 90.223914
52.454862 68.432904
19.782677 40.054547
36.581615 10.614615
89.700406 60.033606
62.049438 18.046119
93.911039 64.103569
32.137832 70.294938
8.890943 27.505589
52.244654 31.336778
18.998050 26.330573
39.446199 1.373729
64.693506 2.532539
24.117752 86.541877
75.910636 31.331936
98.505780 95.998378
78.856081 85.065982
69.469845 66.387949
93.811248 80.142859
38.776217 7.204428
6.517860 77.856614
62.696467 91.904409
66.979443 12.110759
51.950952 70.379949
37.594346 91.571263
78.471884 87.290988
10.699018 18.488218
14.486890 7.170062
21.039673 27.336552
97.230308 58.766620
57.229540 33.903864
48.363768 85.544631
62.790036 77.157658
10.466385 11.024430
57.086597 47.498941
17.034731 71.458511
85.336499 56.765175
71.180325 67.961231
33.948365 30.679913
13.561729 35.026449
20.633558 53.719607
80.509163 11.995169
42.888695 20.807575
23.856563 53.816895
62.617359 5.045280
33.830962 46.062284
59.011125 38.365095
12.154378 75.642409
92.973865 57.246008
15.965429 31.088630
18.440636 52.461181
16.526401 11.935485
28.834859 1.202023
97.133315 20.178395
94.634899 61.823840
17.324634 73.719399
21.832594 93.715016
91.980528 57.775054
24.279315 6.912434
19.512415 72.967098
53.398493 73.922252
11.669166 14.593202
56.671840 85.943733
78.158365 76.400796
74.794197 84.096425
13.797746 81.519477
93.103781 90.439596
80.936573 29.084430
60.615428 7.733996
92.101098 24.936036
46.117500 84.691822
95.165642 42.118879
52.404929 13.182369
3.746389 6.204689
21.377231 39.765984
30.060259 1.566393
73.070405 11.399310
48.825837 83.365913
86.530313 19.333093
14.176172 73.123147
84.333173 40.604987
45.269311 36.256320
3.940112 69.393514
90.506766 83.313673
60.966025 46.329625
36.765765 85.337322
4.361870 79.882322
78.690867 52.193933
8.117822 52.290035
91.498564 34.136427
64.948729 78.620223
22.217416 86.611315
99.569192 31.699197
2.723292 7.861934
26.587698 49.861794
83.485105 79.151426
46.845357 98.057345
30.978337 97.904279
35.148327 15.990652
3.689123 89.458317
70.165349 95.933104
91.576750 14.242510
2.272217 25.588431
81.622412 43.501410
15.479763 71.865071
93.932348 20.013159
46.812729 76.578058
97.761655 66.594679
34.207237 43.325611
99.822867 79.662603
16.330744 18.422511
66.342822 62.123622
10.463733 75.032639
67.509757 67.745973
84.085347 95.954545
79.822336 5.383722
52.025752 7.354710
78.079991 63.065520
22.492356 54.182333
61.588319 64.603648
69.134218 89.715845
62.256323 29.349739
54.906600 93.235265
79.113555 67.897247
83.359707 5.999269
17.767513 75.078489
72.600446 32.249905
64.647972 16.167327
42.576675 32.851913
42.536619 36.885433
34.484930 25.618459
65.750325 96.676339
88.104454 89.940259
49.161095 29.511327
22.327098 30.193303
92.489505 70.226004
43.704929 84.359511
5.144123 66.595838
17.954947 57.160989
95.254716 22.960172
36.869668 52.263731
56.178027 22.022574
69.060444 94.645746
25.735101 63.229750
3.891061 2.379221
33.913963 47.955113
59.838653 94.414440
81.028291 4.428437
83.088165 31.792783
90.240572 9.911361
51.298449 55.585490
93.643771 75.612136
36.233440 12.592876
39.739358 92.280870
52.664029 93.397984
82.547654 93.631129
96.662302 71.922103
85.471710 98.577808
66.493955 44.641013
68.303723 0.539708
0.330555 46.119337
55.286411 70.886890
52.161675 35.428285
59.748536 47.210932
31.801251 56.441950
45.075713 77.318441
75.529662 28.172331
40.539733 86.274870
96.492929 84.916686
10.094539 83.721376
45.903697 65.267917
98.468386 32.398992
64.750458 53.112244
10.449824 2.619510
59.208394 12.986095
40.320189 30.451452
8.632384 43.336195
91.998422 66.482736
74.592401 24.951221
81.007060 15.263298
0.756684 8.471101
28.839435 33.133939
0.440448 63.121835
27.959600 75.326613
47.349647 85.504038
48.389920 93.603830
84.292515 83.967818
95.308596 56.216841
91.211877 37.178766
33.600186 16.910845
34.951689 0.178933
6.256706 82.662970
3.153445 42.518856
42.778607 81.207051
98.828575 91.742950
44.946155 25.959786
4.322455 82.186825
55.861724 89.973229
77.702941 7.408832
39.755976 40.931307
30.394574 87.920985
92.099229 69.149630
30.406246 74.475065
99.952552 5.347218
88.109678 1.924226
65.735196 40.700802
27.738392 90.899898
23.852783 27.563960
9.258454 37.187175
67.594454 25.629673
55.683967 38.809936
16.389210 96.157754
0.931044 91.466461
90.365695 11.117401
32.023030 47.943638
79.638276 88.600905
39.135688 45.462176
6.163683 88.973031
13.171270 58.103521
24.696106 92.292844
11.521082 78.416201
73.672340 97.848846
61.127102 89.356912
57.114622 16.496575
52.929881 95.356442
23.905627 99.342191
97.610465 89.969797
48.736697 44.979435
28.122421 94.123932
41.904394 69.599912
95.460253 58.692047
27.978998 80.905398
15.642216 5.105739
17.470064 22.587727
79.155436 64.533346
99.163197 85.976003
66.312286 73.331832
78.442621 49.619518
93.450486 34.659243
49.240887 73.397362
30.527547 73.158511
95.937370 20.176471
21.422535 96.423069
93.245348 39.721153
50.686018 35.186011
82.099647 46.783029
88.653525 99.682202
99.847056 49.628670
87.076536 37.918189
34.963643 90.598822
54.960399 97.368180
65.596098 54.813571
17.979895 5.353628
76.477434 12.073336
58.898234 41.344554
99.406381 57.180579
35.487726 13.607915
26.987089 41.987302
29.559882 26.358357
36.012338 59.000723
21.712682 75.243103
94.706386 50.791259
2.794423 26.809379
6.602581 55.399224
4.929535 83.125993
79.805295 54.491637
21.130240 25.191463
20.203530 60.406091
12.298302 44.051644
80.942460 99.923560
80.511800 50.878637
4.697377 29.037694
59.062196 29.728074
53.729690 66.141228
91.283886 9.455580
66.858401 69.552443
1.394059 38.622977
14.183720 10.092018
3.942487 10.594053
83.597199 86.780614
52.349554 10.822195
83.784510 91.588898
94.089526 8.825023
5.511141 19.921360
98.790643 30.944051
63.092205 41.941206
14.231938 45.774244
7.766082 79.594225
84.455686 10.675645
35.351019 26.580585
97.505184 86.385623
23.543677 84.603381
16.082654 80.640790
52.841578 53.535476
15.584514 45.646669
34.660249 65.459607
38.581561 58.164632
92.847394 93.111495
64.812474 11.276718
81.603268 41.589429
11.425862 48.316207
88.934629 52.524259
33.575394 38.695067
24.200241 0.258494
75.900681 7.259710
3.545047 49.412086
77.373016 39.942063
54.013428 6.059242
70.087979 45.036883
26.864278 31.814934
73.548472 29.986291
20.585106 91.094968
11.571149 69.483622
9.183648 70.790895
56.514773 11.261833
88.020324 63.001711
6.544336 84.361883
28.743849 39.780806
63.563127 90.045825
61.406564 47.553459
3.726580 43.417934
94.820539 45.427518
12.867750 69.361355
90.290599 66.036220
66.908870 42.487285
5.570508 88.150291
72.523969 36.122887
26.322451 23.504629
55.409466 0.385706
22.291769 58.207958
64.459074 33.154114
29.006815 96.615915
41.572378 17.294790
54.384445 86.008267
73.972661 77.694570
2.250475 63.523526
34.685501 58.043567
68.560709 69.526034
23.281357 64.504224
23.081234 73.216911
55.103466 29.396606
15.764764 85.456581
10.707724 82.799387
51.076132 31.362799
89.516939 84.136986
23.428708 51.481347
0.424741 74.536822
99.035060 77.900519
46.439448 37.458399
42.756410 89.970431
80.890682 82.261698
69.768304 64.923255
56.927153 27.472958
54.523685 15.100739
9.864963 21.655757
5.766399 21.100980
89.451967 51.233235
77.482066 69.082678
53.756191 35.529705
84.019003 57.341648
17.447309 10.993906
22.313461 91.993123
44.217271 96.524944
62.611640 78.733522
7.529618 4.749266
27.025184 17.925861
9.096166 8.729322
50.309573 80.911676
96.024721 14.680446
61.857474 62.072860
76.513790 47.716151
62.726048 6.860760
41.630414 33.194948
90.614461 58.916961
64.832915 71.521649
37.541152 94.520284
9.810513 99.945498
55.129090 18.177935
36.758716 70.479128
7.934138 3.251926
52.063930 12.071608
91.563991 81.606989
58.539153 46.184410
74.852736 72.106022
96.339796 36.522340
34.557215 19.641312
81.737926 44.871291
27.667084 23.537481
0.500797 78.962904
79.110338 83.326875
52.902453 38.160663
0.112257 56.325954
0.352236 32.749377
67.448642 71.687648
18.536615 29.022564
23.461218 3.142421
51.320500 15.253455
18.589319 30.298427
29.536951 53.628229
68.969442 86.361909
89.855229 86.499544
49.138806 4.349902
82.063563 64.704534
62.131437 89.802123
19.246578 74.851381
91.746354 92.566712
55.105406 55.103683
69.729045 3.175581
29.342448 55.766802
31.385817 21.761346
0.380801 99.251054
18.693149 62.161661
16.158228 2.656007
87.523056 96.171307
74.907696 10.946687
27.763167 6.746210
49.171914 38.032411
60.798452 16.520340
33.113506 92.951046
29.467432 67.470962
60.094439 89.129130
70.329548 4.894868
31.192749 76.578678
99.888195 34.326475
50.226047 39.275061
5.778564 10.144635
44.956137 82.392596
3.034927 50.876280
69.304262 30.262617
0.306963 30.764882
24.789418 35.210030
81.289092 1.887837
76.650275 10.107074
76.805172 2.188963
10.059185 19.512988
88.946423 43.333428
48.955439 39.409061
76.185069 72.409190
90.225741 25.460986
40.089109 44.026290
56.635422 9.892588
40.634753 63.681735
27.830674 19.329799
74.604332 2.765928
66.381738 21.461498
53.638974 51.752963
99.878687 17.887131
77.774709 44.996151
33.655353 52.834409
42.163055 75.380506
57.517056 56.596328
6.623855 71.188618
49.108819 22.843995
17.153358 64.213188
9.464898 53.170539
51.343757 10.447727
10.606797 46.081135
1.674664 73.904352
22.335610 18.780676
2.161182 65.535773
33.291823 44.809106
70.254195 38.237681
17.647203 85.105975
37.401167 79.261172
14.353570 77.722812
95.830705 18.248655
15.557924 92.126721
70.580702 66.363027
5.548230 17.927442
36.629035 38.714437
43.991711 53.249161
95.744005 24.328823
72.730505 74.235403
15.369188 36.678469
34.415665 84.843364
66.287856 76.767939
9.326423 90.738807
49.329662 80.530572
6.487794 25.282080
73.601744 16.947434
1.330903 93.239582
99.114564 69.839633
48.002994 55.441596
13.933098 13.325776
49.196129 36.792524
33.900845 80.117639
36.059490 80.482418
69.940179 52.866621
43.790954 87.064480
70.066984 15.398851
30.070908 7.747425
94.613524 67.863927
43.524925 34.673166
31.504305 57.974827
0.131368 65.840936
98.248062 41.894765
30.919991 78.164381
69.619039 1.906865
52.633451 63.892981
5.155524 5.367036
84.875031 30.025154
14.801903 82.151510
1.376804 51.648026
59.516383 69.321558
35.335850 36.143374
35.540863 79.066179
51.171624 61.979830
60.583051 87.547640
31.059187 59.066791
58.071197 51.546499
5.216327 24.558008
29.128868 75.975546
0.555681 16.945688
41.997619 28.806275
14.139210 36.199826
27.966956 29.958228
99.219986 12.501355
98.358060 72.756367
30.383515 68.425119
72.710269 46.481916
15.329393 73.754035
42.341945 6.900393
19.996300 57.992062
38.490614 25.866887
87.402630 36.642476
72.640796 80.271328
34.941202 60.376523
50.650566 86.029790
44.076340 93.816664
42.763476 2.207370
1.820165 50.249765
73.418006 2.500083
17.792895 86.670895
3.768477 76.342791
67.419922 4.107544
71.750620 95.425711
78.824542 44.006921
45.889478 61.833240
40.662789 78.231819
77.541020 47.188248
59.354100 64.084778
32.692223 12.941492
55.479958 25.576047
58.915980 20.204369
80.325787 6.707089
19.670478 67.707784
87.840171 21.860271
57.283825 21.336889
28.006626 39.026450
70.795640 88.097993
58.308830 78.038408
33.176220 70.864478
65.273912 82.985566
14.783523 44.717443
30.220282 81.114423
77.324482 85.306928
10.527399 42.142057
10.151019 87.689211
65.629739 25.115642
62.345003 12.799550
98.995467 71.103855
35.159859 99.004391
46.899882 24.007562
37.704854 26.938568
75.111700 52.885131
0.278551 48.326149
77.731146 81.882817
0.208774 76.110189
96.296745 87.040282
96.202980 91.216111
93.694529 99.800710
98.558642 6.115203
18.901937 70.183334
27.595314 10.662478
23.250195 48.507685
9.091056 1.909017
73.120735 37.158858
34.366917 93.651470
1.658511 36.248015
57.722634 72.238254
6.538470 90.176201
28.337998 14.342553
1.131064 18.566638
3.603895 19.921796
79.559134 70.721325
93.929693 44.026983
9.607717 4.274697
32.748001 80.276291
97.631658 17.987437
67.059075 15.682756
72.934695 50.806263
65.040875 99.683211
38.922410 0.226168
73.791684 76.011555
22.038020 35.319853
0.034847 90.001590
44.937128 44.958744
65.651154 13.746233
35.920183 96.426672
42.693548 88.683930
93.322179 88.016160
33.234499 40.972801
78.974689 30.570087
92.861561 15.791620
22.863575 55.510029
4.072789 36.444210
31.648438 4.480925
86.724088 61.463055
76.471211 25.299515
1.926886 30.466674
99.361195 62.414298
76.567719 43.488342
73.203566 27.000633
14.123589 53.127672
49.749327 17.474494
85.123190 43.200818
13.939784 79.241451
56.864747 91.864030
3.352866 71.634801
52.948791 42.399581
1.726058 41.313826
82.394264 88.645637
40.546647 35.595268
51.307200 51.567957
70.396864 41.727502
70.082965 86.310131
4.964813 0.364697
48.999864 90.706501
34.393824 53.621793
73.137309 25.492392
51.266584 74.878885
80.690505 88.790143
59.505909 51.493659
60.397074 0.088806
42.804955 71.715769
1.779703 26.572855
25.509796 46.593434
77.054583 52.921042
63.858887 17.882302
1.866997 32.910546
93.793170 32.625859
40.001202 27.894267
46.275733 8.535508
94.246925 36.051259
68.930491 37.716679
62.067852 11.817883
77.317033 34.252528
14.948261 98.440821
88.342176 88.898933
92.035738 97.379375
35.607559 2.017869
80.904139 56.450734
85.945759 18.171016
28.159877 35.288931
50.691244 99.191379
77.182850 87.683040
31.544247 89.568766
70.708039 73.602708
57.606617 97.360640
77.353317 23.529674
49.840277 60.406211
49.390952 41.398553
16.454069 61.646133
8.880538 74.267429
93.453230 21.859476
77.816603 95.669459
45.315339 40.292408
28.302176 22.435145
4.114267 14.133745
41.029710 81.510288
17.628000 1.406190
52.034754 85.558110
78.002831 92.474577
82.364270 42.650155
85.334866 4.040502
54.402904 19.216768
39.817702 50.846864
11.096915 41.297384
97.225240 9.168471
51.115544 4.382814
73.393124 8.589005
9.462311 11.801621
93.343345 98.071085
16.475072 97.702685
24.504737 88.123569
10.913778 22.436018
6.954700 76.681273
13.431146 27.202333
92.968982 63.684779
10.907157 44.903597
65.300128 68.650337
20.796622 83.945896
61.145771 34.482492
59.943277 74.706282
11.401376 92.946345
8.801738 38.811017
67.280792 17.763875
35.908787 49.476228
43.681225 64.726686
71.909272 37.919176
81.264455 70.999459
90.995469 86.039342
43.619005 41.324358
15.399313 51.709149
0.279007 97.883920
1.984658 86.913826
4.695161 39.503542
72.630253 64.908582
72.439031 40.453026
65.826281 63.060139
18.012471 72.335133
85.508931 25.523942
95.572264 84.386038
63.486541 15.360913
74.071164 80.170622
16.942913 91.471520
29.885095 47.865342
24.688852 74.387277
76.430773 75.880275
25.629183 12.958494
50.433986 25.124393
10.414034 16.548375
49.950999 55.179287
99.737462 29.394168
54.420973 56.034178
78.663942 72.507185
69.791942 68.857387
12.546816 2.715334
50.351356 8.490097
0.215688 44.782933
66.868327 37.518264
49.339046 88.676993
14.392925 38.832021
92.853528 10.083162
3.012162 45.256783
37.470554 40.015647
37.362715 50.463052
18.847430 95.295694
22.367693 60.393265
90.323308 97.577162
82.872124 34.678992
99.711404 92.541519
12.632133 84.470852
88.518796 37.735261
64.810935 42.229317
74.681907 66.973338
60.341757 28.599600
90.293432 29.921980
63.336469 70.085706
49.356717 5.334752
79.369049 75.947831
62.589575 92.923686
62.804563 1.653429
31.306972 39.211212
68.082320 40.888684
45.626495 54.311841
92.950569 36.804583
29.208419 88.288366
96.405866 3.590023
64.006302 99.158351
71.357618 3.891875
45.154798 49.467409
87.937709 97.947837
78.510455 94.847272
39.133680 29.180150
50.083655 74.905085
62.975379 32.244679
46.993151 25.359773
28.053136 96.965366
80.553384 48.228031
15.454444 1.231225
89.771033 14.537394
12.655486 39.509138
24.466661 41.259696
8.752468 94.933926
81.641974 77.899543
82.918889 49.358270
10.070352 7.740267
44.776946 20.632024
74.642326 74.320271
24.805984 19.041350
4.860242 92.182602
7.976504 15.045566
0.506496 96.206621
38.599955 75.288807
39.686578 84.985029
34.551408 33.675640
53.556869 44.622292
65.220283 22.283048
22.966358 15.759374
3.462283 81.506663
58.871435 0.479202
55.209838 68.100433
76.042829 61.577508
78.326078 57.882964
29.879726 84.241039
67.877165 55.697287
24.977035 80.728234
47.218426 83.476505
5.099895 93.757013
16.893577 60.227165
97.685582 21.054762
98.697615 34.077243
8.891466 97.308500
47.376034 41.017321
92.740112 26.913372
44.044505 16.391696
44.031044 76.064454
5.949874 69.953080
70.305304 17.859785
85.303713 5.596493
91.843874 23.559958
37.696952 14.477404
47.711205 74.406780
84.098099 63.001880
24.604621 91.146511
82.289104 95.752157
12.612195 22.566590
81.103681 74.002381
34.040948 22.884172
97.422852 33.190543
0.560107 67.659795
46.521344 67.037020
78.093834 38.929644
5.434833 75.193017
91.827533 84.064543
55.175354 57.535677
40.514417 2.143330
38.056409 54.196059
13.827876 64.102728
99.638896 75.822455
17.825062 0.088700
10.676596 26.897392
89.046675 57.323368
73.974200 48.651638
7.910883 63.710490
59.765842 3.871138
0.333164 50.381223
7.100484 46.939484
16.381739 49.497675
3.618824 98.436467
84.807966 68.081632
46.952950 93.107624
82.691427 30.303697
4.569679 57.157762
16.131003 30.075531
77.012423 78.459563
46.155740 69.613801
80.576490 68.527224
76.252578 34.979169
7.671149 33.686166
30.843527 6.691796
42.671352 30.813647
39.979837 90.802179
53.499336 55.070562
30.290331 30.809073
60.367673 33.528059
52.694430 34.370497
79.231077 82.097858
32.261812 39.658672
77.894163 14.415881
16.025407 65.683206
97.708146 28.295669
29.357403 77.819033
2.990539 34.397691
68.615922 58.704356
56.197904 61.243515
65.750547 17.401340
66.624171 74.310987
18.461120 91.259604
8.412680 12.760541
16.265491 87.190647
10.362689 68.256450
33.357031 58.846393
15.775558 7.163655
51.694533 16.244022
64.147487 3.448644
80.001816 72.820469
87.290764 34.591330
0.444846 40.707200
80.912248 7.903997
45.017054 86.172233
8.268441 9.791049
37.209523 2.437159
41.815641 8.510587
77.485241 54.279011
47.847226 59.165140
2.827853 12.655065
47.678280 1.069289
23.017523 13.826946
97.039067 35.362424
42.763949 58.006662
65.824438 53.610018
6.035527 5.849912
83.225911 0.894145
40.924125 94.808697
25.959533 9.547528
11.264515 84.408824
20.773964 50.011131
75.723982 98.936243
78.759097 77.203272
47.773202 60.634366
95.099681 92.831631
98.085368 37.967637
65.166797 60.845005
72.351919 79.092036
19.699518 79.200528
0.299603 77.877831
71.824508 63.788299
20.858392 79.827270
14.616463 15.500079
1.996866 54.503371
76.191533 40.297239
42.714256 51.928410
79.367547 38.989538
28.035558 24.805191
13.922873 92.913193
48.472664 96.021974
99.339710 94.046901
80.867253 89.964873
31.658228 3.316327
55.242547 7.805975
58.589006 52.823949
63.991224 44.604439
58.702637 62.974727
5.082873 72.830531
17.064302 89.593881
94.755233 48.243053
78.011600 27.187539
96.638783 43.633020
73.417453 45.546981
9.115749 23.171477
60.548833 50.215851
25.356482 98.333979
81.775971 39.147955
74.708388 54.876092
88.394612 72.468749
74.029349 40.514797
80.242567 21.484611
80.014851 75.140230
8.211011 65.400196
48.056826 42.658157
98.963713 50.215362
2.443480 52.688379
25.772938 14.206104
43.944620 88.574628
27.680857 56.169503
48.649179 47.976870
7.194753 31.589726
20.138792 18.804936
33.982674 26.749518
61.312090 76.414555
73.398968 9.707251
3.112998 8.843384
40.973076 89.389576
25.420894 29.970723
58.606797 49.483609
32.786960 75.723347
22.743391 68.650036
36.193605 92.544764
87.317857 29.512807
80.384624 87.735312
70.142087 71.829383
90.253308 5.805146
40.120191 58.523765
4.017995 90.524669
4.258491 54.489417
48.412150 19.942498
68.630847 67.966654
46.213018 70.778033
57.691486 50.418481
3.801409 41.014608
20.595383 56.922489
30.369661 86.631767
38.110466 98.593331
46.246620 36.021160
33.524045 90.016752
91.797902 51.838355
69.119022 27.013114
13.954257 47.366634
80.156763 60.418133
99.330681 63.444360
6.428343 61.878676
52.249831 96.149483
0.265658 85.338385
6.809678 17.334921
56.408918 2.865425
54.242753 13.835606
58.643974 2.124571
44.812431 54.917042
16.570814 70.401961
85.562366 78.826300
74.718994 88.489180
39.381679 36.714120
63.393161 73.895587
82.768880 26.442443
99.935881 21.259745
36.704465 42.436373
69.471132 70.065707
18.691117 59.785062
3.159764 58.393102
78.539054 31.598139
52.924642 29.556133
92.357058 98.500326
23.010843 52.761084
6.689886 0.551001
70.036485 74.724321
80.139978 34.140740
32.787508 66.185811
75.851651 82.737063
98.655751 61.621382
13.698130 54.622849
89.926040 79.626020
63.944795 1.466032
79.817033 79.559669
67.196359 76.280678
82.952349 54.146536
6.360898 13.210596
64.572893 12.419761
76.122602 33.885521
53.462443 67.801013
57.897385 68.645773
62.345462 95.631071
83.241613 15.852616
83.535237 42.086236
16.325392 93.896135
67.098329 65.867466
56.168923 20.051860
91.175748 15.654219
12.452576 80.662426
95.668016 83.117553
13.241870 88.917554
73.440406 60.231561
66.094177 32.757321
32.866805 7.399544
84.805130 61.489924
40.518013 24.248852
75.669197 17.437946
59.438181 91.979624
86.441169 28.718706
58.958237 53.805559
81.006657 63.678500
62.071899 97.574095
94.848502 10.470288
2.378532 28.863686
21.885889 28.247883
71.076961 13.962109
31.891659 88.223041
17.918507 88.534183
36.912273 34.091571
76.618717 9.102214
66.129011 60.371823
0.225296 64.327389
86.853602 47.775729
49.622336 27.209655
45.050960 47.045809
34.653861 40.839650
82.109509 4.541884
43.846219 2.727201
53.109583 88.422090
68.564743 63.772297
51.615542 46.303482
17.043865 99.596528
71.434382 97.196148
59.790971 84.117406
30.396217 13.413586
19.518657 21.990021
6.676355 50.381438
72.166815 61.008997
57.089796 83.587906
85.419247 96.141480
47.836341 15.889501
27.839311 27.849955
69.382157 92.658725
13.722616 68.501700
59.114408 45.207907
62.535404 99.840638
37.504990 45.714779
9.806031 28.486284
39.946033 4.249158
77.373735 6.339376
41.626062 93.894124
56.226921 41.671833
60.627315 68.264714
90.787300 53.214353
28.879507 59.913830
9.063626 29.952963
89.440568 94.176321
95.305993 72.616185
13.796995 90.191441
12.361912 30.200065
68.413488 98.518539
54.028502 42.667069
82.573413 44.113124
0.393911 53.315606
34.543835 48.792800
44.434913 6.362601
45.240375 42.572358
11.932453 88.183116
81.912667 3.028319
82.105928 1.133494
18.645796 12.318051
82.320149 79.006462
53.218152 18.183293
71.117727 61.493958
4.624920 12.779358
17.692761 65.927889
20.189249 23.842388
48.759573 69.919280
86.300133 59.618806
61.083470 25.689464
4.178860 88.127034
54.850166 50.180036
8.571798 57.036322
54.882599 80.272790
9.684981 80.412018
65.700816 95.634674
61.149362 36.475458
8.859129 72.099556
48.935765 94.700972
73.344674 39.508218
94.361854 28.454917
62.801304 55.985949
32.343099 97.863506
50.104084 31.959581
74.450992 47.013380
52.599695 75.009918
11.884173 86.820893
52.486208 4.053158
71.583836 25.669385
91.751546 21.010952
1.095213 4.324941
67.616245 89.031383
91.640201 41.838768
67.918804 81.809724
96.779720 57.388808
96.006283 29.170936
47.565771 73.213700
34.908046 38.332328
34.428511 4.466016
51.479095 8.615198
70.580604 79.866652
54.217395 22.740589
62.416792 85.332176
20.898532 72.443497
86.972621 72.081317
84.585815 73.807580
4.231533 37.684909
86.753011 56.176409
69.089789 4.482401
32.971294 32.585867
41.297973 39.119927
72.589315 31.168442
88.156568 83.394420
51.763593 81.704920
21.400799 11.035849
28.608296 57.704919
68.060188 27.659845
38.357100 28.415370
88.060592 48.305735
54.441387 25.143948
87.056048 88.827544
99.340365 53.781788
74.322675 69.954938
31.092325 12.369106
30.759847 54.736053
65.755571 65.347732
8.494088 55.809108
46.199327 68.581809
23.715477 36.868074
43.318871 0.319007
89.377473 23.711301
61.886859 33.653917
80.800573 0.119259
77.816045 30.354428
78.206502 13.435962
32.208710 10.916001
26.760188 73.632395
74.588286 26.865309
8.247470 25.009335
17.785826 9.627189
29.359330 43.947190
63.928845 30.519158
34.634705 97.123589
96.719521 22.581377
73.033828 44.372283
11.328565 55.862862
38.973270 42.378639
75.992189 65.918553
13.283118 42.127059
41.190100 58.042278
3.217416 62.642077
68.753101 46.356452
55.866854 83.163409
2.774504 92.302405
32.951543 29.064379
30.654974 45.892434
2.935100 82.738976
38.483687 99.937538
49.777599 28.603622
94.067193 86.688506
83.067317 41.050104
51.846581 79.169906
53.816078 24.126530
99.301456 65.038316
23.802813 89.994612
19.157900 86.046136
71.556406 50.948983
98.543488 4.413996
28.652360 66.754699
90.020457 95.545985
21.937378 88.960109
10.901781 57.057551
68.215027 3.284996
27.390090 9.550159
0.564370 43.024638
51.873698 19.900035
11.914269 65.500525
55.940335 24.488871
38.136964 46.638585
98.892760 67.514822
92.797867 62.335076
69.604712 12.548127
43.737463 72.680664
97.450093 26.885925
56.553117 71.609515
88.343815 77.454560
40.231902 79.732286
9.689895 77.726787
21.118820 0.595117
16.056793 78.699653
67.114484 28.465606
97.383451 50.943921
97.292820 91.023499
22.522582 26.746417
63.729661 24.991931
60.389653 30.220862
90.939567 57.349840
74.446263 34.973859
70.145039 81.263303
19.344222 80.393544
88.746352 27.519532
6.455205 14.728925
72.173212 58.236372
10.032678 63.294741
31.959122 31.324703
43.891761 67.604021
72.767715 78.178742
88.560785 28.810172
60.226354 81.690836
96.048135 4.953893
81.572701 55.482279
61.816113 71.280501
27.374930 87.895461
6.996290 1.867271
57.218449 22.341066
7.910438 75.727530
66.787249 77.758406
19.146701 20.769328
64.489595 27.701569
49.950016 42.652770
7.669478 40.423831
6.964294 87.743365
80.974196 57.498325
91.581828 54.202766
70.763628 32.515321
38.412503 1.295486
34.648312 95.706755
44.061701 62.454871
33.268480 59.850413
56.609606 96.954407
85.448375 83.387049
51.486345 5.772563
66.955382 51.329222
15.641682 76.747097
74.387123 81.294868
30.003477 70.029749
22.841021 76.210063
25.899655 74.423889
94.151829 41.060740
84.964791 48.113480
83.386276 55.623206
42.327186 47.923789
90.417037 67.694039
40.242362 49.071462
87.237886 70.013083
8.644150 61.705330
30.342106 36.431467
77.232886 72.469526
90.755271 47.641630
14.918147 27.976768
44.492842 43.603304
35.059954 74.247304
86.182201 65.225315
26.032717 65.728594
87.466246 31.091347
26.899189 14.381521
63.066661 3.962983
22.607589 40.650923
28.123911 31.216783
64.495348 21.505349
61.514272 92.435111
19.922288 61.996423
71.721298 45.433915
64.169849 8.961184
54.790660 98.748976
23.621407 39.387393
91.534820 77.455707
92.939301 38.333973
99.201957 23.239153
89.818722 62.987650
19.620643 30.619535
2.989056 74.846209
7.560626 44.214523
97.339517 83.621270
10.684364 32.763172
91.774714 94.549935
97.491013 69.606575
45.422666 96.362956
30.252217 99.479728
2.102466 58.693536
93.564136 7.537994
1.413557 97.681108
40.878368 91.993520
82.332754 18.296816
44.759934 50.569979
68.878103 91.056421
11.209621 95.102117
10.204273 31.014272
61.582336 7.305837
38.811095 17.830484
23.080875 19.461453
75.402685 0.357427
47.481403 13.141081
52.593993 62.057375
25.081076 68.702304
77.554590 11.601117
21.077495 87.894163
54.177809 38.939699
83.515292 18.795827
84.910825 94.631953
43.393694 92.253037
47.081810 30.871618
94.816934 53.125912
3.982623 17.325672
55.217978 23.347979
11.102838 66.507497
68.818138 59.987390
6.247045 68.870361
38.795018 52.282878
34.723243 77.644681
22.659697 44.345938
1.956701 55.652938
68.093176 92.994152
7.921637 78.303550
87.900603 65.777638
50.758885 89.898685
6.332979 99.191628
33.577464 5.964853
21.999419 37.145004
48.919171 84.528827
61.737026 41.789323
62.594850 48.024981
12.733197 73.924236
20.317899 81.260492
21.338197 7.580955
89.243224 61.367323
85.249549 81.606464
96.739151 89.418420
54.624206 75.543850
78.910705 37.177726
78.497790 23.172627
58.099087 35.412844
86.361043 43.129714
55.491389 62.015524
16.830626 27.266395
36.595636 27.016275
22.522237 5.922959
60.156499 52.900468
5.193833 62.219314
30.257624 92.084105
62.941683 0.331693
34.452286 55.709459
8.349435 53.721632
3.279549 30.251524
11.840238 68.049848
69.623495 88.518837
56.487397 18.281260
16.513086 76.014182
41.229165 22.280373
53.588374 94.048325
71.658078 73.944366
89.874706 91.040470
60.134297 65.620973
83.535791 36.889990
4.194982 27.246769
84.605722 69.520412
97.280459 64.128834
84.571690 22.382118
76.346889 80.041073
69.287668 80.040522
94.627501 4.025484
4.996712 16.121708
33.730746 97.997925
41.109339 75.189938
50.038214 44.811751
52.320288 26.025048
23.824733 93.715311
27.222202 66.039156
26.078195 70.936441
45.031730 57.008911
47.158898 49.510079
95.618412 1.868246
43.175007 80.277305
76.802630 91.292928
68.353355 42.758150
75.057590 87.120461
60.301278 38.761304
12.673951 14.661011
99.389808 83.995997
43.015797 74.462982
71.644144 69.632496
97.053774 81.423072
91.118497 64.169189
81.010454 20.542085
93.339405 55.562811
44.821633 92.812610
22.496832 77.307868
26.472939 19.522365
91.711356 7.355354
37.258335 99.796330
23.696085 43.746203
63.160283 82.649027
9.340216 47.770087
12.196954 57.267439
27.719509 7.997418
2.130895 1.916732
81.481688 23.453610
96.071832 97.229024
5.548739 12.306440
81.495451 76.176784
42.570258 25.432377
96.306095 68.695627
47.926693 16.992548
4.962389 45.696731
66.021955 91.789885
43.848983 11.692954
28.603442 9.800926
63.006810 49.436041
64.694667 32.035663
65.946459 23.507093
75.754970 68.614789
43.274265 10.773273
18.803791 18.770048
31.154738 18.732365
6.511404 26.438406
3.732490 23.897418
90.012437 46.579034
47.658177 68.562734
43.628944 19.906746
3.624178 39.278381
58.253457 83.160570
85.155110 34.605801
83.616229 90.516125
46.302356 15.061512
28.482390 71.109644
1.846592 75.898409
76.469825 5.382823
98.034313 35.114630
42.465285 50.954412
85.795342 60.978745
25.756145 0.936479
64.850870 55.621581
21.769466 95.388628
57.078752 52.753735
76.633476 97.205376
56.091041 14.689613
45.961502 43.851742
96.005973 51.520915
89.672763 54.247600
49.221453 21.462832
9.338462 16.173400
90.666593 27.920024
85.717064 80.312032
26.800282 55.094550
39.421666 79.116443
80.374997 93.725128
82.953333 33.089470
80.048715 37.584356
43.248163 7.848485
55.816308 84.191268
72.812346 21.538654
60.150842 98.564192
61.596572 0.174361
11.580690 19.179341
64.136085 84.009838
11.501363 50.966708
76.108291 20.858670
21.638217 79.018841
31.869548 7.200230
43.257940 46.552074
48.625474 25.154890
29.268235 25.022312
9.011747 6.438558
90.638195 7.155291
86.359608 91.469677
30.907844 29.699696
78.892388 16.862275
85.302487 21.432556
18.618379 38.540359
49.470173 54.026117
36.209147 30.862819
87.435177 2.769401
64.677058 62.596604
4.898436 49.476147
52.280827 44.769801
34.507882 87.154738
95.147856 70.193998
17.934872 34.687593
27.497576 44.189596
95.285783 19.098029
41.851428 41.672898
53.363719 40.711155
37.607152 57.863329
15.834803 50.713565
31.825171 84.526807
99.726387 40.662775
51.163451 68.188507
68.807928 61.718023
33.174999 56.802481
45.565871 24.365689
33.617809 10.268973
13.018719 70.760715
91.489020 63.140935
52.969798 77.933758
76.986667 8.151268
84.044828 82.498972
14.490853 41.242010
91.895870 55.592487
10.047758 44.085506
8.054455 30.895184
82.754996 98.919998
50.697280 71.477777
87.540411 0.606791
67.804933 29.227583
71.633114 20.177026
42.753711 83.749166
78.897033 3.913124
30.963048 96.396988
50.243380 11.982251
58.157855 55.549959
80.803872 49.831695
58.110370 16.919720
98.616346 19.858746
73.216121 66.849660
32.549017 17.737261
47.463049 37.361719
95.116435 75.338264
8.142790 93.011700
6.360198 23.598073
48.847837 57.063958
66.707459 30.886063
68.648838 72.722022
61.270606 74.289153
71.666452 29.335858
74.390447 99.423428
90.577108 71.254669
29.815207 44.885264
87.099635 51.815241
58.165940 47.275369
50.301648 92.057243
78.460131 6.197858
26.171375 69.224944
54.021474 21.104825
96.562491 26.166717
14.463834 32.127362
61.939557 15.188333
25.468350 17.764150
54.959498 17.144932
5.886700 41.839770
97.137971 40.870971
90.490560 1.117259
71.830896 89.825100
56.258670 73.787943
78.845490 96.081655
12.083772 32.789924
42.378722 16.282380
26.600729 96.367604
42.292503 82.614765
59.493072 6.546977
12.830492 51.065138
13.284939 59.203354
81.609859 53.231806
60.450171 8.879780
22.365568 83.489007
16.174752 42.470100
4.276835 99.461401
79.006803 17.858058
47.730189 89.866213
2.319279 16.585080
67.878266 80.006094
9.973080 13.597726
67.536731 70.635817
44.411279 33.129838
60.054263 31.583767
91.758733 50.283250
88.645205 13.113967
25.860271 42.233937
85.674490 35.996698
42.017291 97.454671
86.329822 81.230798
54.382147 34.040845
97.760345 68.495258
22.224893 25.311292
31.547994 46.443736
22.915597 59.163258
33.535832 19.942430
33.541188 0.428741
82.679385 22.396799
22.282085 98.847306
54.205881 46.309262
37.324696 71.807127
61.829194 38.109373
4.086526 3.623941
45.418579 11.890648
19.338729 84.687990
54.879663 42.021349
29.477908 38.689029
85.121528 41.888471
28.447191 12.314268
52.240207 57.571137
49.736035 47.582940
45.185710 97.357570
72.321585 72.835543
25.504378 32.650607
18.547595 93.869355
38.809009 3.390732
28.927624 17.863612
29.667536 6.286588
63.393197 66.177898
87.168450 45.087018
16.819199 4.989079
14.332681 61.903598
72.863777 28.473864
37.344480 0.009601
10.705869 96.985645
37.403644 75.151161
57.253466 30.604474
32.859620 69.454274
45.783687 73.096248
55.957200 53.922555
12.196348 60.210824
81.124759 27.409414
79.780312 94.600735
66.309108 99.501363
49.869528 57.516142
10.634167 12.178516
20.145705 99.924978
76.860403 17.508918
10.601864 90.439949
11.914108 36.309894
21.653848 69.947620
53.407138 79.189228
57.590154 94.807529
15.055006 94.649418
77.154893 84.306016
21.403636 5.355838
87.225808 4.988975
25.547811 22.280847
93.512361 5.390716
88.884303 73.786071
58.121717 65.987232
46.973919 57.949589
61.274630 93.533909
28.204674 40.903677
3.461054 64.878420
61.465272 22.970216
94.912873 54.577871
40.711063 31.910154
17.516146 29.794413
12.253730 83.002165
93.202013 89.307035
13.381299 83.037558
87.708077 23.194621
77.036832 3.973395
73.304304 19.464735
96.141671 42.515414
20.047345 74.098188
86.943545 92.827354
2.758618 68.248239
30.631921 44.143109
40.733761 14.244940
46.440298 51.219025
37.788099 43.560068
22.767638 33.828065
98.384371 10.943670
42.793135 62.683884
42.736621 39.141126
98.121342 52.069879
28.324882 89.304324
70.534472 57.750372
59.297319 2.983105
71.071061 24.188845
3.451997 18.917846
40.385653 98.821249
11.696401 7.669547
6.529690 44.357094
46.184574 1.388303
39.353895 59.584733
57.161095 67.618882
64.427280 79.677324
8.919730 17.304673
18.259847 77.300705
67.880441 20.175057
35.734708 47.840483
52.280290 21.760236
25.984002 89.377306
59.439162 60.368322
60.923145 54.262604
24.673592 61.663617
0.880321 29.545267
50.235926 6.848522
34.422907 52.042758
40.515829 87.391735
21.783135 65.205387
80.895140 72.196478
86.180456 20.577602
99.782729 98.229158
36.967969 97.310377
37.284456 17.300953
27.584732 85.871369
50.051813 87.886118
18.910133 17.306771
19.636864 64.165953
0.857689 24.954671
56.202046 98.162860
81.269308 40.275089
43.890221 5.362529
81.662974 92.723837
33.641898 8.533148
18.515270 31.635652
4.765402 60.556431
55.068745 37.461580
4.802856 9.745192
92.532981 19.629668
28.851049 54.635925
5.164475 86.196050
41.212882 15.769485
64.445814 6.436459
49.757183 66.373170
82.133222 24.988489
65.513018 77.440099
97.336481 61.972809
44.263645 22.479810
4.796162 7.581305
5.477709 95.594026
66.980010 27.047169
16.374109 38.789260
48.004364 46.230206
75.164952 48.948054
81.507178 98.467189
21.203719 73.589321
7.130022 41.358294
38.601207 23.715641
67.478755 22.927000
17.019546 36.701299
46.589535 86.617959
30.931202 94.698750
7.093729 67.027882
42.169519 95.474228
67.148667 31.905921
23.455476 89.051518
27.878416 92.444808
82.534355 71.286204
21.700894 55.844755
16.697887 69.073060
74.772570 43.209611
7.349580 73.124808
39.108074 47.124268
24.228989 52.266149
77.196489 1.059653
12.698069 81.699186
26.772617 25.759428
67.836037 97.637595
22.054894 17.574194
89.908797 56.549364
10.638127 88.603296
84.252146 58.328033
82.278180 86.299208
8.231811 81.984724
56.931628 44.819247
79.813277 40.527009
53.498412 98.325232
59.393660 8.069938
93.251161 25.001342
91.673640 78.518160
55.426839 74.368201
95.080422 7.077971
96.590965 12.446424
94.746873 35.124315
67.206977 98.751173
2.230001 96.597812
49.990512 97.852544
2.050972 15.089013
63.652265 35.540863
55.641569 10.383329
87.651459 59.900110
22.600631 39.553791
92.687899 33.278739
64.645961 74.590348
33.243379 63.670893
70.605687 22.104274
23.800368 45.309648
96.211794 63.566116
14.817823 34.561145
59.605303 26.665078
73.704543 71.924989
85.890959 73.373401
20.092203 51.061475
61.121710 80.164317
78.541133 70.439130
27.859184 50.927384
76.253733 24.303798
13.976695 76.163166
76.007697 29.616310
76.329118 16.391604
3.891281 96.793870
32.370277 2.387206
39.014738 21.241917
32.393757 29.960833
52.882336 14.117082
39.239264 22.363338
90.176049 15.960009
87.276753 16.168202
14.374805 96.782120
70.198988 56.400936
13.369834 99.930509
86.184041 54.875457
10.287603 35.108253
77.362114 21.620012
35.092059 94.414244
74.289061 28.388081
78.698879 97.866992
98.300510 42.935974
83.652461 21.723925
45.583004 91.502916
26.559937 75.325470
45.614855 80.560054
60.465584 95.452761
77.079939 64.357801
84.949263 17.300352
92.443589 1.125759
69.322964 42.101234
61.133182 11.159434
51.463642 13.736970
8.103039 47.139663
81.505325 65.970481
18.112739 50.436046
55.333870 20.966180
64.929933 70.057634
47.732801 53.139385
28.882274 23.502822
88.566347 79.988566
60.724926 83.450286
79.409632 78.340798
7.481093 6.739666
13.187190 20.866665
30.438484 56.056790
79.013687 47.899485
64.469383 38.622197
96.156217 76.204659
40.302520 80.787260
2.106537 71.561789
69.323101 29.146739
82.830232 65.679421
80.018665 30.466308
55.151765 11.273904
87.710536 82.494978
99.886579 72.831109
85.200598 93.402452
43.034422 37.903393
93.441779 11.217910
73.736872 7.014841
48.637784 10.771496
6.389031 62.938769
1.979752 21.062706
1.671500 6.735033
59.851085 85.944445
91.504978 39.104220
18.611731 4.156504
14.305461 95.755647
80.679107 86.393561
89.941801 72.343224
38.134166 65.542174
97.243632 29.379639
69.877118 24.174726
16.724779 56.970697
85.000581 13.054648
11.229657 85.627308
7.983060 1.577858
46.331294 78.232886
25.134233 96.856837
73.510005 49.846412
96.915057 55.824805
78.994281 25.534953
50.094101 53.040033
11.706850 9.016200
41.399612 88.376593
33.689064 13.070542
77.858019 9.014744
19.159037 19.727908
18.618263 6.417258
89.387439 18.281353
27.639736 28.996203
2.341950 57.096695
32.560128 77.459562
0.290674 60.467153
18.720357 64.827153
74.887815 77.235009
3.330540 94.722468
82.534361 73.732061
8.040357 50.535514
87.038168 11.609700
6.813041 74.320573
93.653783 85.361282
91.574768 73.974398
74.916206 62.731954
98.825582 98.552006
53.838433 10.635595
11.067104 31.577427
47.725489 7.585230
28.599145 46.145873
46.815769 39.800928
61.780904 30.994386
56.394968 93.920545
29.584544 34.240237
93.049550 2.312760
30.424743 41.856847
14.263796 65.998699
35.922880 91.317009
54.248670 64.077166
42.089074 98.745355
0.800983 15.637828
51.332858 30.062886
24.939025 10.515924
28.944091 42.070023
68.857426 16.394319
59.710080 77.921742
20.366733 3.381490
13.257891 48.409997
28.731772 65.547680
16.374247 0.544460
59.182999 24.507383
83.914999 14.285828
49.228495 99.574267
94.371963 88.188489
57.022716 31.990694
65.584721 50.798746
47.505279 62.180861
72.963315 68.655986
77.462969 71.007705
70.302921 43.651267
80.126246 0.960201
72.599365 93.301023
18.447227 44.826232
10.199957 85.822050
55.332006 9.179334
10.236022 40.081319
99.778175 68.748140
82.966083 2.900099
47.057082 71.493794
33.603305 24.081469
0.048929 54.961076
9.743849 50.783775
31.729511 65.777954
42.292032 67.379618
68.348007 48.732594
1.409937 42.425664
80.907910 17.852304
91.680600 11.145856
70.894107 87.075028
84.464099 9.216251
34.745339 17.400233
28.332851 77.824103
84.255112 15.396313
36.402253 83.914175
2.068338 60.439494
37.580822 23.075815
80.139453 83.321975
7.792648 11.142958
56.800724 40.846443
84.134401 71.321529
98.339795 79.381696
67.954799 50.201214
15.251437 97.408156
70.525899 8.073463
48.496221 9.693602
67.614716 82.826875
2.754173 40.755746
88.312159 39.093412
96.201042 64.567543
91.696818 12.430250
56.482083 79.459152
75.884999 6.226669
74.353670 39.248334
66.819690 50.223006
20.272088 98.518790
85.680706 67.570526
30.382405 2.522117
78.171999 99.883886
65.003719 10.276751
54.895610 99.826536
11.816810 1.203916
66.762811 58.990433
42.334489 73.568272
60.823609 21.652438
75.376318 73.584730
82.813559 38.937906
58.313764 3.254255
83.923571 99.234715
54.533080 40.347972
26.185017 24.634233
86.912341 73.669349
73.597122 34.267239
34.082029 78.993194
32.627198 71.720653
4.218282 58.244402
52.872234 87.226030
64.744406 96.880615
1.323478 88.583498
93.784895 37.728146
2.426623 84.301377
86.704510 90.457782
95.329848 65.489473
40.651217 84.574782
69.566618 63.392438
47.189224 44.850849
35.937607 72.685937
68.726680 17.604668
14.162477 43.472974
92.323950 4.408744
56.892523 49.115255
24.452106 48.376842
33.421404 81.663829
26.848789 4.516543
58.132157 89.114263
55.408709 94.668139
36.008351 34.770195
85.835524 68.842839
29.911840 57.655003
31.565188 80.406262
80.794880 32.697367
12.746519 0.178201
68.354503 85.047100
66.085566 36.471436
72.322771 15.655345
16.432993 32.731715
35.519525 22.600723
99.851466 81.821466
12.060629 71.668451
64.364477 90.951961
71.633767 93.580617
6.198585 40.354429
56.614269 6.204367
72.176749 99.765385
88.809550 46.414127
1.783540 48.112757
77.008432 99.254536
42.305323 10.023541
52.471836 48.545994
66.123848 11.010910
44.086432 99.800623
20.525478 76.630720
79.933637 98.341831
72.134272 82.947297
92.191586 87.091222
87.789354 67.744573
86.409592 98.078619
28.506036 34.241207
5.584968 37.165590
85.643214 26.844085
42.898840 76.227594
55.216269 43.631664
33.730227 28.082368
33.503276 85.509099
38.162481 82.290994
98.577511 44.450588
52.612470 60.031956
46.513651 94.446868
74.329470 71.000253
14.792216 89.561345
15.170044 11.263950
86.712136 41.603308
50.465200 72.858495
89.291829 48.113783
81.019836 96.107261
13.616282 84.116783
8.694899 54.794672
88.504978 4.598677
43.804419 98.405126
33.404604 35.537820
14.440446 49.671122
2.436116 44.169550
47.819485 65.463653
64.242059 81.886171
50.015192 96.145332
66.043511 81.508139
86.255059 87.828127
56.592198 23.463113
80.462375 77.596765
64.860941 87.633194
29.961010 19.545040
34.981986 86.138724
26.196916 72.361651
59.741109 14.606453
40.383253 5.322459
84.838368 38.475967
77.447355 33.161798
32.223824 33.410267
75.751689 94.753892
63.981450 50.826704
34.413877 1.539304
90.462913 55.456871
20.558456 14.202739
63.876923 42.595863
43.890961 49.204616
95.280580 26.536376
32.559935 45.695453
79.247519 49.015419
50.963077 36.597861
8.683145 32.076829
70.504071 54.740085
98.605294 48.517903
81.241380 30.348170
59.602249 96.962714
68.802984 51.945764
28.192976 0.357065
46.778650 21.001211
72.924852 61.802627
26.959185 97.391157
66.916891 95.053131
46.583728 56.089709
97.719106 14.949238
76.270256 77.625024
51.485608 24.593396
57.752448 41.851897
68.218723 13.986287
84.639065 35.505806
57.259939 98.587972
45.632458 0.333748
89.037338 8.709114
68.555437 31.368791
38.012035 41.456600
56.699200 88.248074
13.034874 67.378564
85.640448 0.628938
69.215335 22.245056
5.599708 29.648433
1.586583 34.133603
98.707622 27.944749
27.136002 83.231796
65.555844 57.906657
59.401270 82.280335
54.881077 60.459525
7.242308 61.164826
24.294180 70.645058
85.801787 39.994835
90.024087 45.433878
41.445100 25.989723
46.456528 13.552254
66.964958 5.736900
46.164535 32.464575
59.844165 79.842451
20.074961 45.671273
77.849532 90.717562
53.394634 19.965490
85.621796 63.728883
25.299298 49.671353
94.799453 39.040737
75.521887 53.945225
32.591580 14.441601
2.749090 99.510161
24.577626 2.855992
92.309145 3.070889
21.717616 66.791228
64.574748 93.889318
34.936482 30.360281
24.129273 18.041288
44.823160 72.498355
31.982213 42.782816
48.342463 35.233987
30.535771 66.394446
37.625277 7.496296
89.538941 44.232252
33.322398 76.570888
1.809798 99.000947
64.665517 72.922132
61.601779 57.123642
42.798997 8.978005
73.319004 18.351835
48.797706 67.604174
26.029229 66.784816
58.242393 86.379230
37.777085 21.015872
92.660420 78.812611
0.121816 71.881332
40.684903 67.656750
41.486572 56.120356
82.725067 60.300637
89.603290 38.350398
20.237635 47.486362
61.319228 96.014949
23.085366 91.159526
9.243150 66.756098
61.293242 70.369108
10.636694 1.160189
59.923703 61.919659
81.168514 60.812870
23.142612 29.289490
63.791609 36.543776
42.659510 78.784396
74.656567 91.863076
29.088445 64.286230
45.353809 28.620802
88.289402 26.201320
4.876533 81.085365
33.101542 34.558746
22.364389 63.928188
17.458599 67.098794
96.947616 92.406077
7.495722 62.318187
80.807292 54.458677
26.801226 16.363719
76.270402 86.420039
89.680363 93.167564
65.602490 93.901458
53.501640 80.829946
82.569564 80.230697
51.743017 65.071164
45.968854 4.382805
73.577503 93.954576
12.684403 97.371642
10.155793 0.177192
54.361275 90.453257
27.154296 52.523078
34.454919 35.400681
41.563949 66.339799
90.202961 68.933318
79.265167 34.692779
6.564105 42.645834
95.582736 27.786456
70.294255 29.430075
36.715977 18.186919
61.885172 73.243255
16.794871 46.106854
39.070635 6.183257
75.271854 97.678304
63.427120 11.095141
83.602541 28.376717
15.054124 2.525197
80.214330 69.565076
76.963559 48.859504
8.156462 80.745528
75.445072 26.060501
84.182593 4.403994
77.324805 77.174221
71.295120 36.957852
41.505769 77.521531
67.497962 85.797200
93.912942 15.853986
9.172966 59.064255
88.778556 36.702443
24.333550 73.123664
25.387372 11.948371
83.775241 65.060352
11.855436 25.376398
50.769493 45.576462
25.323800 54.001169
45.158883 45.948553
90.050699 36.272425
47.896062 32.467114
3.643358 53.381455
88.783314 21.144510
98.817092 87.513666
96.642567 0.888963
98.828944 13.864261
61.442039 77.544883
67.133560 8.260482
97.346771 31.821936
57.595912 54.542893
66.242123 2.072453
33.717638 95.068901
99.673509 56.094066
94.336264 17.290076
68.961627 6.416783
68.520250 9.773694
47.839280 75.801955
68.008352 10.653351
89.291195 3.296366
61.804031 68.603024
33.044604 11.745756
62.051139 66.799930
92.309639 35.971680
55.699915 44.615553
73.822530 32.317400
68.348871 74.041045
20.190403 88.575435
16.051100 3.997303
22.215949 56.869619
46.841812 66.039381
36.407548 46.550804
27.837996 73.948216
39.118189 18.895952
97.227528 3.010624
99.389732 59.019264
32.220599 19.540903
4.133865 34.934869
67.081861 14.292943
96.125489 98.904256
97.003518 70.546148
58.340624 36.948561
8.019108 21.182709
57.570133 19.369294
97.299438 23.645188
87.038431 43.883773
70.330187 78.327337
51.621199 58.761537
24.868894 51.300698
22.599270 72.151641
40.368144 51.814371
93.404087 18.968012
24.269135 78.757507
71.498837 18.301959
31.495613 41.267088
1.009323 19.892956
93.035423 23.498555
99.032184 90.535001
17.439720 93.293300
73.796925 64.563865
87.648071 99.667419
0.219972 37.098543
26.868088 38.389857
78.803191 55.391226
34.588962 71.344104
32.651352 27.956934
59.105691 22.198049
60.479763 91.946605
38.535070 56.290204
82.669239 83.277035
40.228801 45.353805
36.666133 69.313404
78.881674 46.598363
11.150784 5.089329
60.905759 97.869638
16.676554 25.827843
10.204289 67.165897
12.515468 35.253776
86.922238 68.952346
57.338900 26.233605
29.057828 90.500976
59.705801 73.191536
13.041266 94.109407
87.303604 76.756511
98.968081 46.220154
2.094954 27.794638
77.912164 36.222424
23.193748 2.176689
3.246963 24.823520
75.540198 19.876184
30.478149 51.614148
18.954863 81.372648
36.436368 7.538360
25.593477 64.236934
80.671266 46.274797
43.960568 66.387205
36.030040 24.310071
63.015748 8.822591
17.763869 90.440754
55.604858 5.358435
72.627769 12.465769
86.507085 96.792558
37.413313 15.974880
85.370153 52.531134
46.618719 82.607864
14.994881 75.963711
99.769376 24.930676
73.308873 69.805822
76.855365 41.834665
27.924106 76.842068
84.338606 46.898825
40.666070 76.749325
59.877425 1.072992
37.118949 67.648842
58.990977 57.348255
65.669175 7.667361
50.890119 17.414547
62.865454 30.714696
95.300146 49.328145
55.288327 6.517843
29.100271 36.691443
54.716486 2.297539
44.889248 99.060120
18.841249 47.814881
9.539512 93.956152
95.851582 16.033022
6.786158 93.934064
21.271661 12.907153
44.986060 48.143258
82.709221 56.524373
66.020729 8.653789
18.209568 83.540895
50.719310 84.704981
24.556408 33.232311
90.563414 99.865857
90.532284 92.152081
93.142896 0.340398
93.212703 46.411515
14.785589 5.721431
42.056267 24.046792
6.681233 80.697241
14.415792 21.175077
16.969629 50.671525
86.057823 74.534076
76.326701 89.065602
73.873728 52.779373
63.182393 67.494465
62.367790 83.865112
79.988918 63.756586
81.695107 87.246742
94.289991 49.823960
25.593950 59.277580
44.632992 9.412757
60.815322 14.381319
97.286593 10.217721
20.275062 44.454269
87.767561 86.776239
63.102262 16.741387
13.928159 30.419461
94.077864 82.024387
23.458825 74.890695
1.461335 22.683790
59.708035 10.021210
31.934489 81.744813
41.807102 27.542957
15.957406 28.623584
54.240304 59.474543
56.440644 12.663283
51.869487 41.768782
68.563456 53.269532
92.926458 20.920558
21.167423 9.646426
41.262675 44.016609
34.581937 18.542221
84.845712 49.361826
81.840643 32.756308
95.056169 64.325762
39.337327 72.334785
46.172569 38.774489
36.481501 95.546128
55.863767 65.261002
69.124517 56.472289
97.674743 15.987602
17.312903 81.292725
71.963521 8.293391
32.841428 87.291627
53.439318 58.524004
54.619313 1.202648
54.168262 88.217434
39.711090 69.462425
18.861515 33.784047
68.951136 15.381016
3.352676 83.878673
93.926463 30.485708
85.334203 51.003979
25.161001 82.333146
73.905925 1.462188
41.645746 84.200450
75.167200 96.608300
61.346142 90.879466
42.524104 34.891628
95.167489 86.355862
33.332484 96.418820
48.991578 24.208520
56.857541 29.039732
2.761501 4.888768
57.234585 70.495112
30.364751 32.603475
6.025416 73.506064
94.249267 76.936988
75.094047 40.116757
85.893608 7.420991
99.470834 42.166105
85.322260 14.274558
4.785147 84.195742
16.473538 52.407523
44.181030 17.756828
47.777189 36.329665
49.395668 77.597450
86.536574 83.273336
35.276948 32.140492
63.072094 20.078743
9.897598 38.341579
61.540295 39.213827
91.394538 2.064073
11.619267 18.051360
58.405265 21.150036
72.756472 76.481697
74.796014 76.119777
80.042078 65.472171
80.178917 19.101332
45.147003 75.714356
66.739500 39.860741
22.588777 4.179684
40.271016 88.486825
75.576785 91.413210
18.463828 78.385629
4.407150 20.829210
52.149097 18.348825
35.086517 89.130345
1.174876 9.447087
22.480223 9.532707
82.411889 37.165248
54.943988 28.399430
80.083524 73.894228
62.584951 88.017006
88.342461 94.602854
76.810165 51.100156
41.842841 72.401650
79.917705 99.359376
45.394489 53.325898
73.703530 20.434932
86.424473 95.281766
38.039208 10.127441
59.547724 19.410930
29.313116 74.958565
27.662996 95.493388
83.263518 52.263278
6.822768 64.561343
12.663944 6.667032
51.082365 28.136306
9.505003 46.063015
6.016838 72.215571
10.749223 9.918023
11.284004 34.602441
44.906243 23.459794
35.149546 62.129373
37.488791 36.433074
57.981638 87.638396
18.030757 41.275856
90.282670 19.344786
5.752227 31.000048
1.571409 64.412540
51.935846 71.871269
53.487735 4.081454
81.486310 83.691165
64.976754 46.920591
31.694932 85.724130
2.415928 78.909784
81.070438 36.108431
12.666678 95.973611
81.952624 57.822602
96.453700 49.667354
81.058098 6.000333
14.785869 14.262276
22.387605 0.073754
79.920262 61.546831
5.054161 69.017669
99.854372 52.672936
70.066199 82.446323
21.691139 91.148995
20.226073 33.946578
43.313151 33.589785
41.202317 60.706362
67.424166 73.190148
42.845475 14.268126
39.832613 10.394134
76.478013 22.182600
24.582096 21.716982
71.121703 39.450205
74.420167 61.646652
44.660372 31.055335
85.308317 45.845981
8.279831 19.383790
86.467723 93.822254
13.750288 71.781403
19.649439 59.092712
44.186428 80.401972
34.328885 82.839284
46.364637 81.251685
57.629543 3.997607
82.146324 15.844380
50.085382 76.561033
57.251750 39.911719
45.865671 92.739392
36.028248 66.520793
61.370533 44.867290
53.864305 12.259190
15.142423 99.910249
53.155589 1.810576
98.249301 40.794857
83.618964 64.001059
95.766074 71.285710
33.558500 42.125240
99.305091 89.185062
59.268723 85.120762
53.298979 56.614979
1.774189 8.563301
2.305497 49.194146
51.099355 69.387892
67.183328 2.630364
17.741696 33.280853
17.735968 54.351173
86.623833 8.619970
93.708479 71.715996
47.955704 34.047688
95.836711 47.850709
26.415206 7.110020
93.517157 68.059163
79.997682 14.537477
6.091438 33.467750
17.505992 42.194835
77.452425 75.398559
39.797281 54.575882
93.676478 78.437525
27.643042 33.537453
10.975866 47.168593
74.743580 19.112895
74.088976 90.301528
4.855917 40.876885
26.268661 86.008494
41.449951 4.402743
13.275177 32.467876
46.031759 23.438809
11.115566 59.017487
15.504127 22.882009
16.934068 34.229376
94.446723 80.966558
7.153760 16.152358
13.606417 24.863472
19.665361 16.260318
99.991417 16.416358
43.024164 3.426141
91.406013 0.142071
21.805215 38.430167
16.256091 17.300938
6.848030 51.697553
12.197371 37.347924
5.343626 71.112110
72.218804 19.005720
31.667918 59.951189
47.098515 91.600095
43.912376 25.192948
87.022476 13.093314
8.420420 42.041969
1.857649 82.250602
7.958013 89.887051
17.754152 95.933908
33.340689 25.355562
85.932012 85.800602
